##FastQC	0.11.5
>>Basic Statistics	pass
#Measure	Value
Filename	gv_066_01_01_chipseq_read1.fastq.gz
File type	Conventional base calls
Encoding	Sanger / Illumina 1.9
Total Sequences	1000
Sequences flagged as poor quality	0
Sequence length	46
%GC	45
>>END_MODULE
>>Per base sequence quality	pass
#Base	Mean	Median	Lower Quartile	Upper Quartile	10th Percentile	90th Percentile
1	36.15	37.0	37.0	37.0	35.0	37.0
2	36.257	37.0	37.0	37.0	35.0	37.0
3	35.925	37.0	37.0	37.0	35.0	37.0
4	36.117	37.0	37.0	37.0	35.0	37.0
5	38.106	39.0	39.0	39.0	35.0	39.0
6	38.227	39.0	39.0	39.0	37.0	39.0
7	38.074	39.0	39.0	39.0	35.0	39.0
8	37.959	39.0	39.0	39.0	35.0	39.0
9	38.017	39.0	39.0	39.0	35.0	39.0
10	39.615	41.0	40.0	41.0	37.0	41.0
11	39.669	41.0	40.0	41.0	37.0	41.0
12	39.638	41.0	40.0	41.0	37.0	41.0
13	39.47	41.0	40.0	41.0	36.0	41.0
14	39.461	41.0	40.0	41.0	36.0	41.0
15	39.359	41.0	40.0	41.0	36.0	41.0
16	39.154	41.0	39.0	41.0	36.0	41.0
17	39.423	41.0	39.0	41.0	36.0	41.0
18	39.464	41.0	40.0	41.0	36.0	41.0
19	39.372	41.0	39.0	41.0	36.0	41.0
20	39.33	41.0	39.0	41.0	36.0	41.0
21	38.537	41.0	39.0	41.0	36.0	41.0
22	38.788	41.0	39.0	41.0	35.0	41.0
23	38.747	41.0	39.0	41.0	34.0	41.0
24	37.995	40.0	38.0	41.0	34.0	41.0
25	37.609	40.0	38.0	41.0	33.0	41.0
26	38.224	40.0	38.0	41.0	34.0	41.0
27	38.352	40.0	38.0	41.0	33.0	41.0
28	37.538	40.0	37.0	41.0	30.0	41.0
29	38.354	40.0	38.0	41.0	34.0	41.0
30	38.421	40.0	38.0	41.0	34.0	41.0
31	37.783	40.0	38.0	41.0	32.0	41.0
32	38.246	40.0	38.0	41.0	34.0	41.0
33	38.556	40.0	38.0	41.0	34.0	41.0
34	38.591	40.0	38.0	41.0	34.0	41.0
35	38.425	40.0	38.0	41.0	34.0	41.0
36	38.457	40.0	38.0	41.0	34.0	41.0
37	38.52	40.0	38.0	41.0	34.0	41.0
38	38.401	40.0	38.0	41.0	34.0	41.0
39	38.153	40.0	38.0	41.0	33.0	41.0
40	37.303	40.0	38.0	41.0	32.0	41.0
41	36.132	40.0	37.0	41.0	29.0	41.0
42	35.729	40.0	36.0	41.0	26.0	41.0
43	35.644	40.0	37.0	41.0	26.0	41.0
44	35.631	40.0	37.0	41.0	26.0	41.0
45	35.296	40.0	37.0	41.0	23.0	41.0
46	35.023	40.0	36.0	41.0	24.0	41.0
>>END_MODULE
>>Per tile sequence quality	pass
#Tile	Base	Mean
1101	1	0.0
1101	2	0.0
1101	3	0.0
1101	4	0.0
1101	5	0.0
1101	6	0.0
1101	7	0.0
1101	8	0.0
1101	9	0.0
1101	10	0.0
1101	11	0.0
1101	12	0.0
1101	13	0.0
1101	14	0.0
1101	15	0.0
1101	16	0.0
1101	17	0.0
1101	18	0.0
1101	19	0.0
1101	20	0.0
1101	21	0.0
1101	22	0.0
1101	23	0.0
1101	24	0.0
1101	25	0.0
1101	26	0.0
1101	27	0.0
1101	28	0.0
1101	29	0.0
1101	30	0.0
1101	31	0.0
1101	32	0.0
1101	33	0.0
1101	34	0.0
1101	35	0.0
1101	36	0.0
1101	37	0.0
1101	38	0.0
1101	39	0.0
1101	40	0.0
1101	41	0.0
1101	42	0.0
1101	43	0.0
1101	44	0.0
1101	45	0.0
1101	46	0.0
>>END_MODULE
>>Per sequence quality scores	pass
#Quality	Count
18	1.0
19	0.0
20	2.0
21	0.0
22	1.0
23	0.0
24	5.0
25	5.0
26	3.0
27	10.0
28	10.0
29	16.0
30	14.0
31	12.0
32	14.0
33	26.0
34	38.0
35	33.0
36	39.0
37	54.0
38	103.0
39	294.0
40	320.0
>>END_MODULE
>>Per base sequence content	pass
#Base	G	A	T	C
1	19.21529175050302	26.86116700201207	31.287726358148895	22.635814889336018
2	23.0	24.7	28.299999999999997	24.0
3	22.400000000000002	25.6	28.499999999999996	23.5
4	18.8	27.700000000000003	29.5	24.0
5	23.400000000000002	29.2	26.5	20.9
6	24.5	27.0	24.8	23.7
7	21.8	30.099999999999998	25.5	22.6
8	22.3	31.4	28.000000000000004	18.3
9	23.400000000000002	26.900000000000002	26.700000000000003	23.0
10	23.7	27.0	26.6	22.7
11	21.2	27.800000000000004	27.6	23.400000000000002
12	23.3	28.000000000000004	26.200000000000003	22.5
13	22.1	28.599999999999998	28.1	21.2
14	23.1	26.200000000000003	27.200000000000003	23.5
15	22.6	26.6	26.400000000000002	24.4
16	23.0	26.900000000000002	26.8	23.3
17	19.400000000000002	28.799999999999997	28.4	23.400000000000002
18	21.8	27.400000000000002	27.0	23.799999999999997
19	24.3	28.199999999999996	26.3	21.2
20	23.9	27.800000000000004	28.000000000000004	20.3
21	23.31288343558282	27.505112474437627	26.789366053169733	22.392638036809817
22	20.599999999999998	28.499999999999996	28.000000000000004	22.900000000000002
23	22.379032258064516	28.326612903225808	27.52016129032258	21.774193548387096
24	23.68692070030896	28.424304840370752	27.80638516992791	20.08238928939238
25	22.816032887975336	28.160328879753337	26.20760534429599	22.816032887975336
26	23.200000000000003	27.1	27.3	22.400000000000002
27	21.3	27.3	27.200000000000003	24.2
28	23.5	26.3	30.099999999999998	20.1
29	23.200000000000003	25.7	28.299999999999997	22.8
30	20.0	26.3	28.000000000000004	25.7
31	21.5	28.599999999999998	27.6	22.3
32	23.0	27.3	26.6	23.1
33	21.7	26.400000000000002	29.2	22.7
34	23.3	27.900000000000002	27.900000000000002	20.9
35	22.0	29.2	27.200000000000003	21.6
36	21.4	28.499999999999996	25.5	24.6
37	20.7	26.5	28.499999999999996	24.3
38	21.3	25.6	28.4	24.7
39	22.6	27.3	27.6	22.5
40	23.006134969325153	28.936605316973413	27.198364008179958	20.858895705521473
41	21.693121693121693	26.24338624338624	28.04232804232804	24.021164021164022
42	26.89075630252101	24.474789915966387	27.415966386554626	21.218487394957982
43	22.42105263157895	27.89473684210526	27.052631578947366	22.63157894736842
44	24.166666666666668	27.500000000000004	26.458333333333332	21.875
45	26.254002134471715	26.467449306296693	25.50693703308431	21.77161152614728
46	23.29485834207765	29.905561385099684	25.183630640083944	21.615949632738722
>>END_MODULE
>>Per sequence GC content	fail
#GC Content	Count
0	0.0
1	0.0
2	0.0
3	0.0
4	0.0
5	0.0
6	0.0
7	0.0
8	0.0
9	0.0
10	0.5
11	1.0
12	0.5
13	0.0
14	0.5
15	1.0
16	2.5
17	4.0
18	6.5
19	9.0
20	9.0
21	6.0
22	3.0
23	10.5
24	18.0
25	19.0
26	20.0
27	24.0
28	28.0
29	31.0
30	34.0
31	34.0
32	37.5
33	41.0
34	45.0
35	49.0
36	68.5
37	88.0
38	86.0
39	84.0
40	75.5
41	67.0
42	73.5
43	80.0
44	80.0
45	75.0
46	70.0
47	66.5
48	63.0
49	58.5
50	54.0
51	56.0
52	58.0
53	48.5
54	39.0
55	42.5
56	46.0
57	46.0
58	45.5
59	45.0
60	38.5
61	32.0
62	24.5
63	17.0
64	16.5
65	16.0
66	13.5
67	11.0
68	9.5
69	8.0
70	8.0
71	5.5
72	3.0
73	2.5
74	2.0
75	1.5
76	1.0
77	2.0
78	3.0
79	2.5
80	2.0
81	2.0
82	1.5
83	1.0
84	1.5
85	2.0
86	1.0
87	0.0
88	0.0
89	0.0
90	0.0
91	0.0
92	0.0
93	0.0
94	0.0
95	0.0
96	0.0
97	0.0
98	0.0
99	0.0
100	0.0
>>END_MODULE
>>Per base N content	warn
#Base	N-Count
1	0.6
2	0.0
3	0.0
4	0.0
5	0.0
6	0.0
7	0.0
8	0.0
9	0.0
10	0.0
11	0.0
12	0.0
13	0.0
14	0.0
15	0.0
16	0.0
17	0.0
18	0.0
19	0.0
20	0.0
21	2.1999999999999997
22	0.0
23	0.8
24	2.9000000000000004
25	2.7
26	0.0
27	0.0
28	0.0
29	0.0
30	0.0
31	0.0
32	0.0
33	0.0
34	0.0
35	0.0
36	0.0
37	0.0
38	0.0
39	0.0
40	2.1999999999999997
41	5.5
42	4.8
43	5.0
44	4.0
45	6.3
46	4.7
>>END_MODULE
>>Sequence Length Distribution	pass
#Length	Count
46	1000.0
>>END_MODULE
>>Sequence Duplication Levels	pass
#Total Deduplicated Percentage	100.0
#Duplication Level	Percentage of deduplicated	Percentage of total
1	100.0	100.0
2	0.0	0.0
3	0.0	0.0
4	0.0	0.0
5	0.0	0.0
6	0.0	0.0
7	0.0	0.0
8	0.0	0.0
9	0.0	0.0
>10	0.0	0.0
>50	0.0	0.0
>100	0.0	0.0
>500	0.0	0.0
>1k	0.0	0.0
>5k	0.0	0.0
>10k+	0.0	0.0
>>END_MODULE
>>Overrepresented sequences	pass
>>END_MODULE
>>Adapter Content	pass
#Position	Illumina Universal Adapter	Illumina Small RNA 3' Adapter	Illumina Small RNA 5' Adapter	Nextera Transposase Sequence	SOLID Small RNA Adapter
1	0.0	0.0	0.0	0.0	0.0
2	0.0	0.0	0.0	0.0	0.0
3	0.0	0.0	0.0	0.0	0.0
4	0.0	0.0	0.0	0.0	0.0
5	0.0	0.0	0.0	0.0	0.0
6	0.0	0.0	0.0	0.0	0.0
7	0.0	0.0	0.0	0.0	0.0
8	0.0	0.0	0.0	0.0	0.0
9	0.0	0.0	0.0	0.0	0.0
10	0.0	0.0	0.0	0.0	0.0
11	0.0	0.0	0.0	0.0	0.0
12	0.0	0.0	0.0	0.0	0.0
13	0.0	0.0	0.0	0.0	0.0
14	0.0	0.0	0.0	0.0	0.0
15	0.0	0.0	0.0	0.0	0.0
16	0.0	0.0	0.0	0.0	0.0
17	0.0	0.0	0.0	0.0	0.0
18	0.0	0.0	0.0	0.0	0.0
19	0.0	0.0	0.0	0.0	0.0
20	0.0	0.0	0.0	0.0	0.0
21	0.0	0.0	0.0	0.0	0.0
22	0.0	0.0	0.0	0.0	0.0
23	0.0	0.0	0.0	0.0	0.0
24	0.0	0.0	0.0	0.0	0.0
25	0.0	0.0	0.0	0.0	0.0
26	0.0	0.0	0.0	0.0	0.0
27	0.0	0.0	0.0	0.0	0.0
28	0.0	0.0	0.0	0.0	0.0
29	0.0	0.0	0.0	0.0	0.0
30	0.0	0.0	0.0	0.0	0.0
31	0.0	0.0	0.0	0.0	0.0
32	0.0	0.0	0.0	0.0	0.0
33	0.0	0.0	0.0	0.0	0.0
34	0.0	0.0	0.0	0.0	0.0
>>END_MODULE
>>Kmer Content	pass
>>END_MODULE
