# Position (bp)	A	C	G	T	N
0.0	20.490463215258856	34.27792915531335	26.376021798365123	18.855585831062672	0.0
1.0	23.956639566395662	22.926829268292686	23.739837398373982	28.184281842818425	1.1924119241192412
2.0	23.58337830545062	25.364274150026983	25.526173772261195	24.608742579600648	0.9174311926605505
3.0	30.22126281705343	23.04371289800324	23.475445223961145	22.234214786832162	1.0253642741500268
4.0	28.27846735024285	20.561252023745276	25.472207231516457	23.853211009174313	1.834862385321101
5.0	26.860841423948216	22.114347357065803	22.599784250269686	27.346278317152105	1.0787486515641855
6.0	22.54584681769148	22.815533980582526	22.38403451995685	31.607335490830636	0.6472491909385114
7.0	23.516720604099245	26.051779935275082	22.815533980582526	27.184466019417474	0.4314994606256742
8.0	23.73247033441208	25.026968716289105	22.761596548004313	28.047464940668824	0.4314994606256742
9.0	27.184466019417474	22.707659115426107	25.782092772384036	23.462783171521036	0.8629989212513484
10.0	25.080906148867317	26.159654800431497	24.379719525350595	23.354908306364617	1.0248112189859764
11.0	23.78640776699029	25.674217907227614	23.516720604099245	26.537216828478964	0.48543689320388345
12.0	23.73247033441208	27.831715210355988	23.300970873786408	24.70334412081985	0.4314994606256742
13.0	25.674217907227614	25.512405609492987	21.898597626752967	26.375404530744333	0.5393743257820928
14.0	24.75728155339806	25.188781014023732	24.163969795037758	25.88996763754045	0.0
15.0	24.59546925566343	25.188781014023732	25.5663430420712	24.64940668824164	0.0
16.0	24.919093851132686	26.64509169363538	22.707659115426107	25.40453074433657	0.3236245954692557
17.0	26.10571736785329	26.159654800431497	23.570658036677454	24.163969795037758	0.0
18.0	25.836030204962245	23.085221143473568	24.271844660194176	26.806903991370014	0.0
19.0	24.75728155339806	24.865156418554477	23.408845738942826	26.537216828478964	0.4314994606256742
20.0	25.40453074433657	25.13484358144552	24.325782092772382	24.75728155339806	0.37756202804746497
21.0	26.591154261057177	25.080906148867317	24.325782092772382	24.002157497303127	0.0
22.0	24.64940668824164	25.026968716289105	25.94390507011866	24.379719525350595	0.0
23.0	26.159654800431497	24.70334412081985	24.433656957928804	24.70334412081985	0.0
24.0	26.051779935275082	24.217907227615964	23.78640776699029	25.94390507011866	0.0
25.0	24.824608742579603	25.634106853750676	24.878575283324338	24.50080949811117	0.16189962223421478
26.0	26.983270372369134	24.932541824069077	23.151645979492713	24.932541824069077	0.0
27.0	25.903939557474366	24.986508364813815	24.50080949811117	24.608742579600648	0.0
28.0	26.389638424177008	23.25957906098219	24.338909875876958	25.580140313005938	0.4317323259579061
29.0	24.878575283324338	24.824608742579603	24.71667566109012	24.986508364813815	0.5936319481921208
30.0	24.015110631408525	24.71667566109012	25.472207231516457	25.310307609282244	0.48569886670264434
31.0	26.389638424177008	25.25634106853751	22.9897463572585	25.364274150026983	0.0
32.0	25.593952483801296	27.32181425485961	21.652267818574515	25.323974082073438	0.10799136069114472
33.0	26.742301458670987	24.635332252836303	22.744462452728257	25.44570502431118	0.4321988114532685
34.0	26.039978390059424	24.257158292814694	24.311183144246353	24.851431658562937	0.5402485143165856
35.0	25.243243243243242	23.945945945945944	23.027027027027028	27.027027027027028	0.7567567567567568
36.0	27.070925825663238	23.98484028153763	24.14726583649161	24.688684353004874	0.10828370330265295
37.0	25.954198473282442	25.190839694656486	23.882224645583424	24.591057797164666	0.38167938931297707
38.0	25.481563015960372	24.821133736929006	23.390203632361033	24.160704457897634	2.1463951568519537
39.0	24.272930648769574	26.45413870246085	25.671140939597315	23.60178970917226	0.0
40.0	23.972988182329768	22.903770399549803	22.73494653911086	29.60045019696117	0.7878446820483961
41.0	25.16891891891892	23.59234234234234	27.759009009009013	23.367117117117118	0.11261261261261261
42.0	28.70056497175141	21.412429378531073	27.06214689265537	22.259887005649716	0.5649717514124294
43.0	31.647727272727273	21.19318181818182	23.18181818181818	23.011363636363637	0.9659090909090908
44.0	24.088838268792713	23.462414578587698	24.088838268792713	28.132118451025057	0.22779043280182232
45.0	25.100286532951287	24.183381088825215	20.458452722063036	28.19484240687679	2.0630372492836675
46.0	24.82758620689655	27.298850574712645	21.03448275862069	26.551724137931032	0.28735632183908044
47.0	24.610051993067593	24.090121317157713	26.8053148469093	24.494511842865396	0.0
48.0	29.935559461042764	23.667252489748098	22.671353251318102	23.72583479789104	0.0
49.0	18.150917743031954	28.891910265125766	33.78653976886471	19.170632222977567	0.0
