# Position (bp)	A	C	G	T	N
0.0	26.056338028169012	22.183098591549296	21.009389671361504	30.751173708920188	0.0
1.0	26.76056338028169	23.004694835680752	23.239436619718308	26.995305164319248	0.0
2.0	24.53051643192488	24.061032863849764	23.474178403755868	27.93427230046948	0.0
3.0	26.995305164319248	22.769953051643192	19.014084507042252	31.103286384976524	0.11737089201877934
4.0	26.76056338028169	22.535211267605636	21.009389671361504	29.694835680751176	0.0
5.0	29.342723004694836	21.71361502347418	22.183098591549296	26.76056338028169	0.0
6.0	30.28169014084507	21.009389671361504	18.661971830985916	30.046948356807512	0.0
7.0	29.694835680751176	19.131455399061036	23.004694835680752	28.169014084507044	0.0
8.0	28.87323943661972	21.71361502347418	21.830985915492956	27.582159624413144	0.0
9.0	30.399061032863848	22.183098591549296	22.652582159624412	24.76525821596244	0.0
10.0	26.173708920187792	21.47887323943662	23.35680751173709	28.9906103286385	0.0
11.0	26.643192488262912	22.300469483568076	21.36150234741784	29.694835680751176	0.0
12.0	29.812206572769952	21.71361502347418	21.47887323943662	26.995305164319248	0.0
13.0	31.338028169014088	20.422535211267608	21.009389671361504	27.230046948356808	0.0
14.0	26.995305164319248	22.183098591549296	23.826291079812208	26.056338028169012	0.9389671361502347
15.0	27.347417840375588	21.5962441314554	21.5962441314554	28.52112676056338	0.9389671361502347
16.0	29.342723004694836	21.47887323943662	20.539906103286384	28.169014084507044	0.4694835680751174
17.0	27.93427230046948	22.535211267605636	21.47887323943662	28.051643192488264	0.0
18.0	28.169014084507044	23.004694835680752	21.244131455399064	26.643192488262912	0.9389671361502347
19.0	26.877934272300468	20.539906103286384	24.413145539906104	28.169014084507044	0.0
20.0	28.4037558685446	22.065727699530516	21.47887323943662	27.347417840375588	0.7042253521126761
21.0	28.051643192488264	22.769953051643192	21.948356807511736	27.230046948356808	0.0
22.0	27.93427230046948	22.065727699530516	21.71361502347418	28.051643192488264	0.2347417840375587
23.0	26.76056338028169	20.657276995305164	22.887323943661972	28.52112676056338	1.1737089201877933
24.0	28.87323943661972	19.718309859154928	23.474178403755868	26.877934272300468	1.056338028169014
25.0	26.291079812206576	24.178403755868544	22.417840375586852	27.11267605633803	0.0
26.0	26.995305164319248	24.53051643192488	19.600938967136152	28.87323943661972	0.0
27.0	26.173708920187792	22.535211267605636	19.953051643192488	31.338028169014088	0.0
28.0	25.704225352112676	22.300469483568076	24.413145539906104	27.582159624413144	0.0
29.0	26.056338028169012	23.591549295774648	20.305164319248824	30.046948356807512	0.0
30.0	27.614571092831962	23.266745005875443	23.619271445358404	25.499412455934195	0.0
31.0	27.262044653348998	19.506462984723854	24.206815511163338	29.024676850763807	0.0
32.0	25.616921269095183	23.384253819036427	26.321974148061106	24.676850763807284	0.0
33.0	27.84958871915394	22.20916568742656	21.62162162162162	28.319623971797885	0.0
34.0	25.851938895417153	24.206815511163338	21.386603995299648	28.554641598119858	0.0
35.0	27.88235294117647	21.764705882352942	23.411764705882355	26.941176470588236	0.0
36.0	26.650943396226417	23.702830188679243	23.93867924528302	25.707547169811324	0.0
37.0	25.737898465171195	23.96694214876033	21.487603305785125	28.80755608028335	0.0
38.0	28.60520094562648	21.27659574468085	21.04018912529551	29.078014184397162	0.0
39.0	26.024096385542165	22.89156626506024	22.289156626506024	28.795180722891565	0.0
40.0	25.217391304347824	25.217391304347824	23.975155279503106	25.465838509316768	0.12422360248447205
41.0	22.761194029850746	23.00995024875622	23.88059701492537	30.34825870646766	0.0
42.0	28.375	21.25	22.375	28.000000000000004	0.0
43.0	31.367628607277293	19.69887076537014	22.710163111668756	26.223337515683813	0.0
44.0	27.933673469387756	22.448979591836736	25.38265306122449	24.23469387755102	0.0
45.0	31.314432989690722	19.201030927835053	22.68041237113402	26.804123711340207	0.0
