##FastQC	0.11.5
>>Basic Statistics	pass
#Measure	Value
Filename	66950b082_c478f1d09_read1.fastq.gz
File type	Conventional base calls
Encoding	Sanger / Illumina 1.9
Total Sequences	1000
Sequences flagged as poor quality	0
Sequence length	75
%GC	42
>>END_MODULE
>>Per base sequence quality	fail
#Base	Mean	Median	Lower Quartile	Upper Quartile	10th Percentile	90th Percentile
1	22.234	28.0	2.0	33.0	2.0	33.0
2	30.357	32.0	28.0	33.0	27.0	33.0
3	27.192	27.0	18.0	33.0	18.0	33.0
4	24.636	27.0	15.0	32.0	15.0	33.0
5	29.993	32.0	27.0	33.0	27.0	33.0
6	34.378	36.0	33.0	37.0	29.0	38.0
7	35.929	38.0	36.0	38.0	33.0	38.0
8	36.691	38.0	37.0	38.0	34.0	38.0
9	36.834	38.0	38.0	38.0	35.0	38.0
10	37.173	38.0	38.0	38.0	36.0	38.0
11	36.898	38.0	38.0	38.0	35.0	38.0
12	36.966	38.0	38.0	38.0	35.0	38.0
13	37.05	38.0	38.0	38.0	36.0	38.0
14	36.895	38.0	38.0	38.0	36.0	38.0
15	36.785	38.0	38.0	38.0	35.0	38.0
16	36.878	38.0	38.0	38.0	35.0	38.0
17	36.969	38.0	38.0	38.0	36.0	38.0
18	36.86	38.0	38.0	38.0	35.0	38.0
19	36.755	38.0	38.0	38.0	36.0	38.0
20	36.894	38.0	38.0	38.0	35.0	38.0
21	37.038	38.0	38.0	38.0	36.0	38.0
22	37.003	38.0	38.0	38.0	36.0	38.0
23	36.852	38.0	38.0	38.0	36.0	38.0
24	36.673	38.0	38.0	38.0	35.0	38.0
25	36.796	38.0	38.0	38.0	36.0	38.0
26	36.599	38.0	38.0	38.0	34.0	38.0
27	36.633	38.0	38.0	38.0	34.0	38.0
28	36.542	38.0	38.0	38.0	34.0	38.0
29	36.779	38.0	38.0	38.0	34.0	38.0
30	36.578	38.0	38.0	38.0	35.0	38.0
31	36.731	38.0	38.0	38.0	35.0	38.0
32	36.64	38.0	38.0	38.0	35.0	38.0
33	36.619	38.0	38.0	38.0	34.0	38.0
34	36.537	38.0	38.0	38.0	34.0	38.0
35	36.521	38.0	38.0	38.0	34.0	38.0
36	36.512	38.0	38.0	38.0	34.0	38.0
37	36.472	38.0	38.0	38.0	35.0	38.0
38	36.152	38.0	38.0	38.0	33.0	38.0
39	36.345	38.0	38.0	38.0	34.0	38.0
40	36.299	38.0	38.0	38.0	34.0	38.0
41	36.46	38.0	38.0	38.0	34.0	38.0
42	36.258	38.0	38.0	38.0	34.0	38.0
43	36.393	38.0	38.0	38.0	34.0	38.0
44	36.304	38.0	38.0	38.0	34.0	38.0
45	36.336	38.0	38.0	38.0	34.0	38.0
46	36.432	38.0	38.0	38.0	34.0	38.0
47	36.316	38.0	38.0	38.0	33.0	38.0
48	36.22	38.0	38.0	38.0	33.0	38.0
49	36.268	38.0	38.0	38.0	34.0	38.0
50	35.98	38.0	38.0	38.0	33.0	38.0
51	35.913	38.0	38.0	38.0	31.0	38.0
52	35.856	38.0	38.0	38.0	33.0	38.0
53	36.145	38.0	37.0	38.0	34.0	38.0
54	36.049	38.0	38.0	38.0	33.0	38.0
55	36.256	38.0	38.0	38.0	33.0	38.0
56	36.121	38.0	38.0	38.0	33.0	38.0
57	36.183	38.0	38.0	38.0	34.0	38.0
58	36.188	38.0	38.0	38.0	33.0	38.0
59	36.07	38.0	37.0	38.0	33.0	38.0
60	36.066	38.0	37.0	38.0	34.0	38.0
61	36.01	38.0	37.0	38.0	33.0	38.0
62	35.93	38.0	37.0	38.0	33.0	38.0
63	35.631	38.0	37.0	38.0	31.0	38.0
64	35.908	38.0	37.0	38.0	31.0	38.0
65	35.553	38.0	37.0	38.0	29.0	38.0
66	35.798	38.0	37.0	38.0	33.0	38.0
67	35.866	38.0	37.0	38.0	33.0	38.0
68	35.867	38.0	37.0	38.0	31.0	38.0
69	35.486	38.0	37.0	38.0	29.0	38.0
70	35.687	38.0	37.0	38.0	31.0	38.0
71	35.729	38.0	37.0	38.0	31.0	38.0
72	35.366	38.0	37.0	38.0	29.0	38.0
73	35.615	38.0	37.0	38.0	31.0	38.0
74	35.429	38.0	37.0	38.0	31.0	38.0
75	34.214	38.0	35.0	38.0	25.0	38.0
>>END_MODULE
>>Per tile sequence quality	pass
#Tile	Base	Mean
1101	1	0.0
1101	2	0.0
1101	3	0.0
1101	4	0.0
1101	5	0.0
1101	6	0.0
1101	7	0.0
1101	8	0.0
1101	9	0.0
1101	10	0.0
1101	11	0.0
1101	12	0.0
1101	13	0.0
1101	14	0.0
1101	15	0.0
1101	16	0.0
1101	17	0.0
1101	18	0.0
1101	19	0.0
1101	20	0.0
1101	21	0.0
1101	22	0.0
1101	23	0.0
1101	24	0.0
1101	25	0.0
1101	26	0.0
1101	27	0.0
1101	28	0.0
1101	29	0.0
1101	30	0.0
1101	31	0.0
1101	32	0.0
1101	33	0.0
1101	34	0.0
1101	35	0.0
1101	36	0.0
1101	37	0.0
1101	38	0.0
1101	39	0.0
1101	40	0.0
1101	41	0.0
1101	42	0.0
1101	43	0.0
1101	44	0.0
1101	45	0.0
1101	46	0.0
1101	47	0.0
1101	48	0.0
1101	49	0.0
1101	50	0.0
1101	51	0.0
1101	52	0.0
1101	53	0.0
1101	54	0.0
1101	55	0.0
1101	56	0.0
1101	57	0.0
1101	58	0.0
1101	59	0.0
1101	60	0.0
1101	61	0.0
1101	62	0.0
1101	63	0.0
1101	64	0.0
1101	65	0.0
1101	66	0.0
1101	67	0.0
1101	68	0.0
1101	69	0.0
1101	70	0.0
1101	71	0.0
1101	72	0.0
1101	73	0.0
1101	74	0.0
1101	75	0.0
>>END_MODULE
>>Per sequence quality scores	pass
#Quality	Count
4	1.0
5	0.0
6	0.0
7	0.0
8	0.0
9	0.0
10	0.0
11	0.0
12	0.0
13	1.0
14	0.0
15	0.0
16	3.0
17	1.0
18	1.0
19	0.0
20	0.0
21	1.0
22	1.0
23	1.0
24	1.0
25	7.0
26	9.0
27	7.0
28	8.0
29	12.0
30	25.0
31	18.0
32	22.0
33	36.0
34	50.0
35	97.0
36	311.0
37	387.0
>>END_MODULE
>>Per base sequence content	fail
#Base	G	A	T	C
1	65.47455295735901	12.242090784044017	18.844566712517192	3.43878954607978
2	26.3	39.900000000000006	17.8	16.0
3	14.799999999999999	22.400000000000002	42.699999999999996	20.1
4	18.8	20.5	17.0	43.7
5	17.7	33.6	30.099999999999998	18.6
6	15.4	28.199999999999996	29.9	26.5
7	21.5	28.9	32.4	17.2
8	16.3	26.8	32.5	24.4
9	18.9	25.0	31.8	24.3
10	20.3	33.900000000000006	27.0	18.8
11	22.2	28.299999999999997	30.2	19.3
12	18.5	26.8	32.1	22.6
13	19.900000000000002	28.1	29.799999999999997	22.2
14	20.7	26.200000000000003	31.4	21.7
15	20.8	30.2	29.5	19.5
16	22.1	30.099999999999998	26.5	21.3
17	22.2	27.3	29.2	21.3
18	19.6	29.7	28.299999999999997	22.400000000000002
19	23.400000000000002	24.4	29.4	22.8
20	19.3	29.099999999999998	29.099999999999998	22.5
21	21.2	28.1	30.4	20.3
22	20.599999999999998	26.200000000000003	28.199999999999996	25.0
23	19.900000000000002	30.2	29.4	20.5
24	19.1	30.3	32.1	18.5
25	23.599999999999998	28.9	29.299999999999997	18.2
26	21.3	29.7	27.3	21.7
27	20.3	29.2	28.499999999999996	22.0
28	21.5	25.1	28.7	24.7
29	18.6	30.7	28.499999999999996	22.2
30	21.9	27.900000000000002	27.800000000000004	22.400000000000002
31	17.7	28.599999999999998	28.799999999999997	24.9
32	22.7	31.0	26.0	20.3
33	25.2	27.400000000000002	28.000000000000004	19.400000000000002
34	20.8	32.0	26.400000000000002	20.8
35	22.2	27.900000000000002	31.4	18.5
36	21.6	27.200000000000003	30.0	21.2
37	20.7	29.7	27.200000000000003	22.400000000000002
38	22.2	30.4	27.800000000000004	19.6
39	20.8	28.799999999999997	29.2	21.2
40	20.4	28.199999999999996	29.2	22.2
41	20.1	29.299999999999997	28.599999999999998	22.0
42	18.7	30.099999999999998	28.499999999999996	22.7
43	21.3	28.1	30.0	20.599999999999998
44	20.8	27.1	31.7	20.4
45	22.0	28.1	29.5	20.4
46	21.2	30.2	29.299999999999997	19.3
47	21.5	27.500000000000004	29.099999999999998	21.9
48	18.9	28.7	29.7	22.7
49	21.7	31.0	26.5	20.8
50	22.5	28.7	29.099999999999998	19.7
51	20.599999999999998	30.099999999999998	26.6	22.7
52	20.200000000000003	29.799999999999997	25.1	24.9
53	19.6	29.299999999999997	30.7	20.4
54	18.4	31.3	28.299999999999997	22.0
55	20.4	30.099999999999998	28.299999999999997	21.2
56	21.4	29.099999999999998	29.299999999999997	20.200000000000003
57	19.400000000000002	30.599999999999998	28.199999999999996	21.8
58	18.3	29.9	29.7	22.1
59	20.3	29.799999999999997	30.599999999999998	19.3
60	21.099999999999998	28.4	30.0	20.5
61	20.599999999999998	31.0	26.700000000000003	21.7
62	20.8	31.1	28.299999999999997	19.8
63	19.45837512537613	30.19057171514544	32.19658976930793	18.154463390170513
64	22.6	30.2	27.800000000000004	19.400000000000002
65	22.1	30.7	26.8	20.4
66	19.7	30.0	29.4	20.9
67	21.142284569138276	29.058116232464933	28.65731462925852	21.142284569138276
68	20.9	28.299999999999997	30.9	19.900000000000002
69	24.4	27.900000000000002	28.1	19.6
70	21.0	28.799999999999997	29.9	20.3
71	22.400000000000002	30.2	26.700000000000003	20.7
72	21.4	30.8	28.9	18.9
73	23.1	29.099999999999998	27.3	20.5
74	22.7	30.0	28.7	18.6
75	23.1	30.7	28.499999999999996	17.7
>>END_MODULE
>>Per sequence GC content	warn
#GC Content	Count
0	0.0
1	0.0
2	0.0
3	0.0
4	0.0
5	0.5
6	0.5
7	0.0
8	0.0
9	0.0
10	0.0
11	0.0
12	0.0
13	0.5
14	1.0
15	1.0
16	1.0
17	1.5
18	2.0
19	2.0
20	2.0
21	8.0
22	10.5
23	10.0
24	13.0
25	14.5
26	14.5
27	19.0
28	25.0
29	30.5
30	32.0
31	28.5
32	29.0
33	31.5
34	36.0
35	43.5
36	49.0
37	46.0
38	45.0
39	47.0
40	47.0
41	45.5
42	49.0
43	51.5
44	49.0
45	49.0
46	49.5
47	40.0
48	30.0
49	35.5
50	38.0
51	35.0
52	35.0
53	30.5
54	24.5
55	20.5
56	18.0
57	26.0
58	25.5
59	15.0
60	13.0
61	12.0
62	7.5
63	5.0
64	6.0
65	6.0
66	4.5
67	2.0
68	1.0
69	0.5
70	0.5
71	1.0
72	1.0
73	0.5
74	0.0
75	0.0
76	0.0
77	0.0
78	0.0
79	0.0
80	0.0
81	0.0
82	0.0
83	0.0
84	0.0
85	0.0
86	0.0
87	0.0
88	0.0
89	0.0
90	0.0
91	0.0
92	0.0
93	0.0
94	0.0
95	0.0
96	0.0
97	0.0
98	0.0
99	0.0
100	0.0
>>END_MODULE
>>Per base N content	fail
#Base	N-Count
1	27.3
2	0.0
3	0.0
4	0.0
5	0.0
6	0.0
7	0.0
8	0.0
9	0.0
10	0.0
11	0.0
12	0.0
13	0.0
14	0.0
15	0.0
16	0.0
17	0.0
18	0.0
19	0.0
20	0.0
21	0.0
22	0.0
23	0.0
24	0.0
25	0.0
26	0.0
27	0.0
28	0.0
29	0.0
30	0.0
31	0.0
32	0.0
33	0.0
34	0.0
35	0.0
36	0.0
37	0.0
38	0.0
39	0.0
40	0.0
41	0.0
42	0.0
43	0.0
44	0.0
45	0.0
46	0.0
47	0.0
48	0.0
49	0.0
50	0.0
51	0.0
52	0.0
53	0.0
54	0.0
55	0.0
56	0.0
57	0.0
58	0.0
59	0.0
60	0.0
61	0.0
62	0.0
63	0.3
64	0.0
65	0.0
66	0.0
67	0.2
68	0.0
69	0.0
70	0.0
71	0.0
72	0.0
73	0.0
74	0.0
75	0.0
>>END_MODULE
>>Sequence Length Distribution	pass
#Length	Count
75	1000.0
>>END_MODULE
>>Sequence Duplication Levels	pass
#Total Deduplicated Percentage	100.0
#Duplication Level	Percentage of deduplicated	Percentage of total
1	100.0	100.0
2	0.0	0.0
3	0.0	0.0
4	0.0	0.0
5	0.0	0.0
6	0.0	0.0
7	0.0	0.0
8	0.0	0.0
9	0.0	0.0
>10	0.0	0.0
>50	0.0	0.0
>100	0.0	0.0
>500	0.0	0.0
>1k	0.0	0.0
>5k	0.0	0.0
>10k+	0.0	0.0
>>END_MODULE
>>Overrepresented sequences	pass
>>END_MODULE
>>Adapter Content	pass
#Position	Illumina Universal Adapter	Illumina Small RNA 3' Adapter	Illumina Small RNA 5' Adapter	Nextera Transposase Sequence	SOLID Small RNA Adapter
1	0.0	0.0	0.0	0.0	0.0
2	0.0	0.0	0.0	0.0	0.0
3	0.0	0.0	0.0	0.0	0.0
4	0.0	0.0	0.0	0.0	0.0
5	0.0	0.0	0.0	0.0	0.0
6	0.0	0.0	0.0	0.0	0.0
7	0.0	0.0	0.0	0.0	0.0
8	0.0	0.0	0.0	0.0	0.0
9	0.0	0.0	0.0	0.0	0.0
10	0.0	0.0	0.0	0.0	0.0
11	0.0	0.0	0.0	0.0	0.0
12	0.0	0.0	0.0	0.0	0.0
13	0.0	0.0	0.0	0.0	0.0
14	0.0	0.0	0.0	0.0	0.0
15	0.0	0.0	0.0	0.0	0.0
16	0.0	0.0	0.0	0.0	0.0
17	0.0	0.0	0.0	0.0	0.0
18	0.0	0.0	0.0	0.0	0.0
19	0.0	0.0	0.0	0.0	0.0
20	0.0	0.0	0.0	0.0	0.0
21	0.0	0.0	0.0	0.0	0.0
22	0.0	0.0	0.0	0.0	0.0
23	0.0	0.0	0.0	0.0	0.0
24	0.0	0.0	0.0	0.0	0.0
25	0.0	0.0	0.0	0.0	0.0
26	0.0	0.0	0.0	0.0	0.0
27	0.0	0.0	0.0	0.0	0.0
28	0.0	0.0	0.0	0.0	0.0
29	0.0	0.0	0.0	0.0	0.0
30	0.0	0.0	0.0	0.0	0.0
31	0.0	0.0	0.0	0.0	0.0
32	0.0	0.0	0.0	0.0	0.0
33	0.0	0.0	0.0	0.0	0.0
34	0.0	0.0	0.0	0.0	0.0
35	0.0	0.0	0.0	0.0	0.0
36	0.0	0.0	0.0	0.0	0.0
37	0.0	0.0	0.0	0.0	0.0
38	0.0	0.0	0.0	0.0	0.0
39	0.0	0.0	0.0	0.0	0.0
40	0.0	0.0	0.0	0.0	0.0
41	0.0	0.0	0.0	0.0	0.0
42	0.0	0.0	0.0	0.0	0.0
43	0.0	0.0	0.0	0.0	0.0
44	0.0	0.0	0.0	0.0	0.0
45	0.0	0.0	0.0	0.0	0.0
46	0.0	0.0	0.0	0.0	0.0
47	0.0	0.0	0.0	0.0	0.0
48	0.0	0.0	0.0	0.0	0.0
49	0.0	0.0	0.0	0.0	0.0
50	0.0	0.0	0.0	0.0	0.0
51	0.0	0.0	0.0	0.0	0.0
52	0.0	0.0	0.0	0.0	0.0
53	0.0	0.0	0.0	0.0	0.0
54	0.0	0.0	0.0	0.0	0.0
55	0.0	0.0	0.0	0.0	0.0
56	0.0	0.0	0.0	0.0	0.0
57	0.0	0.0	0.0	0.0	0.0
58	0.0	0.0	0.0	0.0	0.0
59	0.0	0.0	0.0	0.0	0.0
60	0.0	0.0	0.0	0.0	0.0
61	0.0	0.0	0.0	0.0	0.0
62	0.0	0.0	0.0	0.0	0.0
63	0.0	0.0	0.0	0.0	0.0
>>END_MODULE
>>Kmer Content	pass
>>END_MODULE
