# Position (bp)	A	C	G	T	N
0.0	21.61874334398296	30.45793397231097	31.309904153354633	16.61341853035144	0.0
1.0	23.78435517970402	24.52431289640592	25.581395348837212	26.109936575052856	0.0
2.0	24.868835257082896	26.128016789087095	22.66526757607555	26.128016789087095	0.2098635886673662
3.0	28.61635220125786	24.0041928721174	22.955974842767297	24.423480083857445	0.0
4.0	30.18867924528302	22.32704402515723	23.060796645702304	24.423480083857445	0.0
5.0	29.63350785340314	22.408376963350783	25.13089005235602	22.827225130890053	0.0
6.0	23.382045929018787	21.711899791231733	22.338204592901878	32.5678496868476	0.0
7.0	22.546972860125262	27.97494780793319	20.354906054279752	28.39248434237996	0.7306889352818371
8.0	23.903966597077243	24.112734864300624	21.816283924843425	28.914405010438415	1.2526096033402923
9.0	26.798748696558917	23.46193952033368	22.62773722627737	25.86027111574557	1.251303441084463
10.0	24.375	27.187499999999996	21.875	25.0	1.5625
11.0	23.82934443288241	24.661810613943807	22.2684703433923	28.51196670135276	0.72840790842872
12.0	25.910509885535898	25.70239334027055	22.372528616024976	26.014568158168572	0.0
13.0	27.679500520291363	23.93340270551509	23.30905306971904	25.078043704474506	0.0
14.0	26.222684703433924	22.58064516129032	24.661810613943807	26.534859521331946	0.0
15.0	27.99167533818939	24.86992715920916	20.707596253902185	26.43080124869927	0.0
16.0	26.95109261186264	24.141519250780437	25.286160249739854	23.621227887617067	0.0
17.0	25.286160249739854	26.638917793964623	22.684703433922998	25.390218522372525	0.0
18.0	27.754677754677754	23.38877338877339	24.012474012474012	24.844074844074846	0.0
19.0	26.2993762993763	23.18087318087318	24.324324324324326	26.195426195426197	0.0
20.0	24.636174636174637	26.403326403326403	23.596673596673597	25.363825363825367	0.0
21.0	26.222684703433924	23.30905306971904	23.51716961498439	26.95109261186264	0.0
22.0	27.055150884495315	25.59833506763788	21.956295525494276	25.390218522372525	0.0
23.0	26.326742976066598	21.644120707596255	22.99687825182102	29.03225806451613	0.0
24.0	26.11862643080125	24.661810613943807	22.47658688865765	26.742976066597297	0.0
25.0	24.24557752341311	22.684703433922998	24.141519250780437	28.92819979188345	0.0
26.0	24.166666666666668	25.624999999999996	24.166666666666668	26.041666666666668	0.0
27.0	26.979166666666664	25.520833333333332	21.145833333333332	26.354166666666668	0.0
28.0	28.749999999999996	21.770833333333332	23.020833333333332	26.458333333333332	0.0
29.0	25.833333333333336	27.083333333333332	22.083333333333332	25.0	0.0
30.0	27.8125	21.979166666666668	20.625	29.583333333333332	0.0
31.0	25.520833333333332	23.958333333333336	23.020833333333332	27.500000000000004	0.0
32.0	25.3125	23.125	22.916666666666664	28.645833333333332	0.0
33.0	25.3125	23.4375	25.3125	25.624999999999996	0.3125
34.0	25.208333333333332	25.3125	23.541666666666668	25.937500000000004	0.0
35.0	25.104166666666668	25.937500000000004	23.020833333333332	25.937500000000004	0.0
36.0	25.241675617615467	22.55639097744361	23.308270676691727	28.893662728249193	0.0
37.0	25.683060109289617	24.153005464480877	25.901639344262296	24.262295081967213	0.0
38.0	25.136612021857925	25.02732240437158	25.02732240437158	24.043715846994534	0.7650273224043715
39.0	23.548740416210297	25.301204819277107	22.89156626506024	26.506024096385545	1.7524644030668126
40.0	23.986856516977	23.11062431544359	21.248630887185104	30.01095290251917	1.642935377875137
41.0	28.148959474260675	21.139101861993428	25.191675794085434	23.877327491785323	1.642935377875137
42.0	25.191675794085434	23.329682365826944	25.739320920043813	24.863088718510408	0.8762322015334063
43.0	29.82456140350877	21.162280701754383	23.355263157894736	25.657894736842106	0.0
44.0	21.820175438596493	23.464912280701753	22.916666666666664	31.798245614035086	0.0
45.0	22.697368421052634	28.947368421052634	20.065789473684212	28.289473684210524	0.0
46.0	26.535087719298247	23.793859649122805	20.175438596491226	29.49561403508772	0.0
47.0	25.384615384615383	24.395604395604394	25.934065934065938	24.285714285714285	0.0
48.0	29.535398230088493	27.101769911504427	22.013274336283185	21.349557522123895	0.0
49.0	16.197975253093365	34.983127109111365	27.44656917885264	21.372328458942633	0.0
