##FastQC	0.11.5
>>Basic Statistics	pass
#Measure	Value
Filename	0f24b004c_95a8cd511_read2.fastq.gz
File type	Conventional base calls
Encoding	Sanger / Illumina 1.9
Total Sequences	1000
Sequences flagged as poor quality	0
Sequence length	75
%GC	41
>>END_MODULE
>>Per base sequence quality	pass
#Base	Mean	Median	Lower Quartile	Upper Quartile	10th Percentile	90th Percentile
1	32.358	33.0	33.0	34.0	31.0	34.0
2	32.514	33.0	33.0	34.0	31.0	34.0
3	32.633	33.0	33.0	34.0	31.0	34.0
4	32.582	33.0	33.0	34.0	31.0	34.0
5	32.618	33.0	33.0	34.0	31.0	34.0
6	36.589	38.0	38.0	38.0	34.0	38.0
7	36.717	38.0	38.0	38.0	35.0	38.0
8	36.908	38.0	38.0	38.0	35.0	38.0
9	36.915	38.0	38.0	38.0	35.0	38.0
10	36.776	38.0	38.0	38.0	35.0	38.0
11	36.926	38.0	38.0	38.0	36.0	38.0
12	36.849	38.0	38.0	38.0	36.0	38.0
13	36.876	38.0	38.0	38.0	35.0	38.0
14	36.964	38.0	38.0	38.0	36.0	38.0
15	36.847	38.0	38.0	38.0	35.0	38.0
16	36.735	38.0	38.0	38.0	35.0	38.0
17	36.77	38.0	38.0	38.0	34.0	38.0
18	36.748	38.0	38.0	38.0	34.0	38.0
19	36.782	38.0	38.0	38.0	35.0	38.0
20	36.924	38.0	38.0	38.0	35.0	38.0
21	36.639	38.0	38.0	38.0	34.0	38.0
22	36.829	38.0	38.0	38.0	35.0	38.0
23	36.568	38.0	38.0	38.0	34.0	38.0
24	36.75	38.0	38.0	38.0	34.0	38.0
25	36.797	38.0	38.0	38.0	35.0	38.0
26	36.742	38.0	38.0	38.0	35.0	38.0
27	36.684	38.0	38.0	38.0	34.0	38.0
28	36.711	38.0	38.0	38.0	34.0	38.0
29	36.759	38.0	38.0	38.0	35.0	38.0
30	36.712	38.0	38.0	38.0	35.0	38.0
31	36.6	38.0	38.0	38.0	34.0	38.0
32	36.521	38.0	38.0	38.0	34.0	38.0
33	36.602	38.0	38.0	38.0	35.0	38.0
34	36.539	38.0	38.0	38.0	34.0	38.0
35	36.427	38.0	38.0	38.0	34.0	38.0
36	36.591	38.0	38.0	38.0	34.0	38.0
37	36.577	38.0	38.0	38.0	34.0	38.0
38	36.618	38.0	38.0	38.0	34.0	38.0
39	36.274	38.0	38.0	38.0	34.0	38.0
40	36.565	38.0	38.0	38.0	34.0	38.0
41	36.198	38.0	38.0	38.0	34.0	38.0
42	36.571	38.0	38.0	38.0	34.0	38.0
43	36.661	38.0	38.0	38.0	35.0	38.0
44	36.525	38.0	38.0	38.0	34.0	38.0
45	36.75	38.0	38.0	38.0	35.0	38.0
46	36.173	38.0	38.0	38.0	33.0	38.0
47	36.297	38.0	38.0	38.0	33.0	38.0
48	36.557	38.0	38.0	38.0	34.0	38.0
49	36.516	38.0	38.0	38.0	34.0	38.0
50	36.482	38.0	38.0	38.0	35.0	38.0
51	36.45	38.0	38.0	38.0	34.0	38.0
52	36.266	38.0	38.0	38.0	33.0	38.0
53	36.295	38.0	38.0	38.0	33.0	38.0
54	36.462	38.0	38.0	38.0	34.0	38.0
55	36.535	38.0	38.0	38.0	34.0	38.0
56	36.295	38.0	38.0	38.0	34.0	38.0
57	36.418	38.0	38.0	38.0	34.0	38.0
58	36.343	38.0	38.0	38.0	34.0	38.0
59	36.245	38.0	38.0	38.0	34.0	38.0
60	36.227	38.0	38.0	38.0	34.0	38.0
61	36.336	38.0	38.0	38.0	34.0	38.0
62	36.167	38.0	38.0	38.0	33.0	38.0
63	36.187	38.0	38.0	38.0	33.0	38.0
64	36.322	38.0	38.0	38.0	34.0	38.0
65	36.381	38.0	38.0	38.0	34.0	38.0
66	36.449	38.0	38.0	38.0	34.0	38.0
67	36.217	38.0	38.0	38.0	33.0	38.0
68	36.047	38.0	38.0	38.0	33.0	38.0
69	36.203	38.0	38.0	38.0	34.0	38.0
70	36.13	38.0	38.0	38.0	33.0	38.0
71	36.207	38.0	38.0	38.0	33.0	38.0
72	36.152	38.0	38.0	38.0	34.0	38.0
73	36.007	38.0	38.0	38.0	33.0	38.0
74	35.791	38.0	37.0	38.0	33.0	38.0
75	34.556	38.0	35.0	38.0	28.0	38.0
>>END_MODULE
>>Per tile sequence quality	pass
#Tile	Base	Mean
1101	1	0.0
1101	2	0.0
1101	3	0.0
1101	4	0.0
1101	5	0.0
1101	6	0.0
1101	7	0.0
1101	8	0.0
1101	9	0.0
1101	10	0.0
1101	11	0.0
1101	12	0.0
1101	13	0.0
1101	14	0.0
1101	15	0.0
1101	16	0.0
1101	17	0.0
1101	18	0.0
1101	19	0.0
1101	20	0.0
1101	21	0.0
1101	22	0.0
1101	23	0.0
1101	24	0.0
1101	25	0.0
1101	26	0.0
1101	27	0.0
1101	28	0.0
1101	29	0.0
1101	30	0.0
1101	31	0.0
1101	32	0.0
1101	33	0.0
1101	34	0.0
1101	35	0.0
1101	36	0.0
1101	37	0.0
1101	38	0.0
1101	39	0.0
1101	40	0.0
1101	41	0.0
1101	42	0.0
1101	43	0.0
1101	44	0.0
1101	45	0.0
1101	46	0.0
1101	47	0.0
1101	48	0.0
1101	49	0.0
1101	50	0.0
1101	51	0.0
1101	52	0.0
1101	53	0.0
1101	54	0.0
1101	55	0.0
1101	56	0.0
1101	57	0.0
1101	58	0.0
1101	59	0.0
1101	60	0.0
1101	61	0.0
1101	62	0.0
1101	63	0.0
1101	64	0.0
1101	65	0.0
1101	66	0.0
1101	67	0.0
1101	68	0.0
1101	69	0.0
1101	70	0.0
1101	71	0.0
1101	72	0.0
1101	73	0.0
1101	74	0.0
1101	75	0.0
>>END_MODULE
>>Per sequence quality scores	pass
#Quality	Count
8	1.0
9	1.0
10	0.0
11	0.0
12	1.0
13	0.0
14	2.0
15	0.0
16	1.0
17	0.0
18	0.0
19	2.0
20	0.0
21	0.0
22	4.0
23	2.0
24	1.0
25	1.0
26	4.0
27	6.0
28	9.0
29	12.0
30	11.0
31	22.0
32	14.0
33	28.0
34	29.0
35	66.0
36	129.0
37	654.0
>>END_MODULE
>>Per base sequence content	fail
#Base	G	A	T	C
1	10.2	31.5	19.8	38.5
2	18.099999999999998	32.800000000000004	32.5	16.6
3	17.2	30.0	32.4	20.4
4	16.7	27.500000000000004	29.599999999999998	26.200000000000003
5	17.4	30.099999999999998	31.900000000000002	20.599999999999998
6	19.3	29.4	30.8	20.5
7	20.5	30.7	29.099999999999998	19.7
8	19.5	27.0	29.599999999999998	23.9
9	17.299999999999997	26.700000000000003	36.199999999999996	19.8
10	17.5	31.8	29.5	21.2
11	17.7	28.299999999999997	31.4	22.6
12	22.5	27.800000000000004	29.5	20.200000000000003
13	20.1	30.8	28.1	21.0
14	19.400000000000002	29.599999999999998	30.099999999999998	20.9
15	21.9	34.300000000000004	26.5	17.299999999999997
16	20.599999999999998	30.5	26.900000000000002	22.0
17	21.5	30.599999999999998	29.4	18.5
18	21.5	30.0	29.299999999999997	19.2
19	21.099999999999998	29.099999999999998	30.4	19.400000000000002
20	22.0	29.599999999999998	26.8	21.6
21	22.400000000000002	28.799999999999997	28.000000000000004	20.8
22	20.5	28.799999999999997	28.299999999999997	22.400000000000002
23	22.1	27.200000000000003	30.5	20.200000000000003
24	24.5	27.500000000000004	25.6	22.400000000000002
25	20.8	28.9	27.6	22.7
26	22.400000000000002	29.299999999999997	30.0	18.3
27	20.8	26.900000000000002	30.2	22.1
28	19.6	29.9	28.1	22.400000000000002
29	20.3	29.7	29.299999999999997	20.7
30	19.8	30.0	28.4	21.8
31	22.0	25.4	31.3	21.3
32	22.1	27.1	30.2	20.599999999999998
33	19.3	32.5	26.8	21.4
34	21.7	27.500000000000004	29.7	21.099999999999998
35	21.0	28.000000000000004	30.5	20.5
36	22.0	27.0	30.7	20.3
37	21.6	27.6	28.7	22.1
38	23.200000000000003	28.999999999999996	26.8	21.0
39	21.9	29.5	27.200000000000003	21.4
40	21.6	28.4	30.599999999999998	19.400000000000002
41	20.0	30.4	28.7	20.9
42	21.3	29.7	29.2	19.8
43	20.3	28.4	28.7	22.6
44	18.7	29.5	30.9	20.9
45	19.2	30.3	30.9	19.6
46	21.5	28.799999999999997	29.9	19.8
47	22.400000000000002	28.7	26.700000000000003	22.2
48	20.1	29.799999999999997	28.199999999999996	21.9
49	22.6	28.000000000000004	26.900000000000002	22.5
50	20.4	29.7	30.599999999999998	19.3
51	21.099999999999998	27.700000000000003	28.499999999999996	22.7
52	20.599999999999998	29.7	28.799999999999997	20.9
53	20.1	30.099999999999998	28.9	20.9
54	19.7	28.199999999999996	30.0	22.1
55	21.099999999999998	28.499999999999996	28.499999999999996	21.9
56	21.9	27.500000000000004	28.000000000000004	22.6
57	20.9	29.299999999999997	29.5	20.3
58	22.400000000000002	27.700000000000003	29.799999999999997	20.1
59	20.1	26.200000000000003	31.8	21.9
60	21.7	30.2	27.400000000000002	20.7
61	19.3	30.599999999999998	29.2	20.9
62	18.8	29.2	30.099999999999998	21.9
63	19.3	29.299999999999997	27.400000000000002	24.0
64	19.1	28.299999999999997	31.0	21.6
65	21.099999999999998	28.9	27.900000000000002	22.1
66	19.8	29.299999999999997	29.799999999999997	21.099999999999998
67	21.5	30.4	26.400000000000002	21.7
68	18.9	30.099999999999998	28.4	22.6
69	21.099999999999998	27.0	31.6	20.3
70	21.8	30.8	28.199999999999996	19.2
71	22.0	29.7	26.200000000000003	22.1
72	21.8	30.0	28.999999999999996	19.2
73	20.599999999999998	27.6	30.0	21.8
74	22.1	25.3	29.099999999999998	23.5
75	20.4	28.000000000000004	31.4	20.200000000000003
>>END_MODULE
>>Per sequence GC content	warn
#GC Content	Count
0	0.0
1	0.0
2	0.0
3	0.5
4	1.0
5	1.0
6	0.5
7	0.5
8	1.0
9	0.5
10	0.5
11	0.5
12	0.0
13	0.5
14	0.5
15	0.5
16	1.0
17	1.5
18	2.5
19	3.5
20	4.0
21	4.5
22	5.5
23	7.0
24	8.0
25	12.5
26	15.0
27	18.0
28	23.0
29	27.0
30	32.0
31	32.5
32	32.0
33	38.5
34	39.5
35	42.0
36	50.0
37	53.0
38	57.0
39	61.0
40	64.0
41	55.5
42	51.5
43	46.0
44	36.0
45	35.5
46	38.5
47	38.0
48	34.0
49	35.5
50	36.5
51	28.5
52	21.0
53	27.0
54	29.0
55	27.0
56	29.0
57	24.5
58	18.5
59	16.0
60	15.0
61	10.0
62	6.0
63	6.5
64	6.0
65	4.0
66	1.5
67	1.0
68	1.0
69	1.0
70	0.5
71	1.0
72	2.0
73	1.5
74	1.0
75	0.5
76	0.0
77	0.0
78	0.0
79	0.0
80	0.0
81	0.0
82	0.0
83	0.0
84	0.0
85	0.0
86	0.0
87	0.0
88	0.0
89	0.0
90	0.0
91	0.0
92	0.0
93	0.0
94	0.0
95	0.0
96	0.0
97	0.0
98	0.0
99	0.0
100	0.0
>>END_MODULE
>>Per base N content	pass
#Base	N-Count
1	0.0
2	0.0
3	0.0
4	0.0
5	0.0
6	0.0
7	0.0
8	0.0
9	0.0
10	0.0
11	0.0
12	0.0
13	0.0
14	0.0
15	0.0
16	0.0
17	0.0
18	0.0
19	0.0
20	0.0
21	0.0
22	0.0
23	0.0
24	0.0
25	0.0
26	0.0
27	0.0
28	0.0
29	0.0
30	0.0
31	0.0
32	0.0
33	0.0
34	0.0
35	0.0
36	0.0
37	0.0
38	0.0
39	0.0
40	0.0
41	0.0
42	0.0
43	0.0
44	0.0
45	0.0
46	0.0
47	0.0
48	0.0
49	0.0
50	0.0
51	0.0
52	0.0
53	0.0
54	0.0
55	0.0
56	0.0
57	0.0
58	0.0
59	0.0
60	0.0
61	0.0
62	0.0
63	0.0
64	0.0
65	0.0
66	0.0
67	0.0
68	0.0
69	0.0
70	0.0
71	0.0
72	0.0
73	0.0
74	0.0
75	0.0
>>END_MODULE
>>Sequence Length Distribution	pass
#Length	Count
75	1000.0
>>END_MODULE
>>Sequence Duplication Levels	pass
#Total Deduplicated Percentage	100.0
#Duplication Level	Percentage of deduplicated	Percentage of total
1	100.0	100.0
2	0.0	0.0
3	0.0	0.0
4	0.0	0.0
5	0.0	0.0
6	0.0	0.0
7	0.0	0.0
8	0.0	0.0
9	0.0	0.0
>10	0.0	0.0
>50	0.0	0.0
>100	0.0	0.0
>500	0.0	0.0
>1k	0.0	0.0
>5k	0.0	0.0
>10k+	0.0	0.0
>>END_MODULE
>>Overrepresented sequences	pass
>>END_MODULE
>>Adapter Content	pass
#Position	Illumina Universal Adapter	Illumina Small RNA 3' Adapter	Illumina Small RNA 5' Adapter	Nextera Transposase Sequence	SOLID Small RNA Adapter
1	0.0	0.0	0.0	0.0	0.0
2	0.0	0.0	0.0	0.0	0.0
3	0.0	0.0	0.0	0.0	0.0
4	0.0	0.0	0.0	0.0	0.0
5	0.0	0.0	0.0	0.0	0.0
6	0.0	0.0	0.0	0.0	0.0
7	0.0	0.0	0.0	0.0	0.0
8	0.0	0.0	0.0	0.0	0.0
9	0.0	0.0	0.0	0.0	0.0
10	0.0	0.0	0.0	0.0	0.0
11	0.0	0.0	0.0	0.0	0.0
12	0.0	0.0	0.0	0.0	0.0
13	0.0	0.0	0.0	0.0	0.0
14	0.0	0.0	0.0	0.0	0.0
15	0.0	0.0	0.0	0.0	0.0
16	0.0	0.0	0.0	0.0	0.0
17	0.0	0.0	0.0	0.0	0.0
18	0.0	0.0	0.0	0.0	0.0
19	0.0	0.0	0.0	0.0	0.0
20	0.0	0.0	0.0	0.0	0.0
21	0.0	0.0	0.0	0.0	0.0
22	0.0	0.0	0.0	0.0	0.0
23	0.0	0.0	0.0	0.0	0.0
24	0.0	0.0	0.0	0.0	0.0
25	0.0	0.0	0.0	0.0	0.0
26	0.0	0.0	0.0	0.0	0.0
27	0.0	0.0	0.0	0.0	0.0
28	0.0	0.0	0.0	0.0	0.0
29	0.0	0.0	0.0	0.0	0.0
30	0.0	0.0	0.0	0.0	0.0
31	0.0	0.0	0.0	0.0	0.0
32	0.0	0.0	0.0	0.0	0.0
33	0.0	0.0	0.0	0.0	0.0
34	0.0	0.0	0.0	0.0	0.0
35	0.0	0.0	0.0	0.0	0.0
36	0.0	0.0	0.0	0.0	0.0
37	0.0	0.0	0.0	0.0	0.0
38	0.0	0.0	0.0	0.0	0.0
39	0.0	0.0	0.0	0.0	0.0
40	0.0	0.0	0.0	0.0	0.0
41	0.0	0.0	0.0	0.0	0.0
42	0.1	0.0	0.0	0.0	0.0
43	0.1	0.0	0.0	0.0	0.0
44	0.2	0.0	0.0	0.0	0.0
45	0.2	0.0	0.0	0.0	0.0
46	0.2	0.0	0.0	0.0	0.0
47	0.2	0.0	0.0	0.0	0.0
48	0.2	0.0	0.0	0.0	0.0
49	0.3	0.0	0.0	0.0	0.0
50	0.3	0.0	0.0	0.0	0.0
51	0.3	0.0	0.0	0.0	0.0
52	0.3	0.0	0.0	0.0	0.0
53	0.4	0.0	0.0	0.0	0.0
54	0.4	0.0	0.0	0.0	0.0
55	0.4	0.0	0.0	0.0	0.0
56	0.4	0.0	0.0	0.0	0.0
57	0.4	0.0	0.0	0.0	0.0
58	0.5	0.0	0.0	0.0	0.0
59	0.6	0.0	0.0	0.0	0.0
60	0.6	0.0	0.0	0.0	0.0
61	0.6	0.0	0.0	0.0	0.0
62	0.7	0.0	0.0	0.0	0.0
63	0.8	0.0	0.0	0.0	0.0
>>END_MODULE
>>Kmer Content	pass
>>END_MODULE
