##FastQC	0.11.5
>>Basic Statistics	pass
#Measure	Value
Filename	0f24b004c_95a8cd511_read1.fastq.gz
File type	Conventional base calls
Encoding	Sanger / Illumina 1.9
Total Sequences	1000
Sequences flagged as poor quality	0
Sequence length	75
%GC	41
>>END_MODULE
>>Per base sequence quality	pass
#Base	Mean	Median	Lower Quartile	Upper Quartile	10th Percentile	90th Percentile
1	25.357	33.0	18.0	34.0	2.0	34.0
2	31.68	33.0	28.0	34.0	27.0	34.0
3	32.002	33.0	32.0	34.0	27.0	34.0
4	32.733	33.0	33.0	34.0	32.0	34.0
5	32.678	33.0	33.0	34.0	32.0	34.0
6	36.569	38.0	37.0	38.0	34.0	38.0
7	36.938	38.0	38.0	38.0	35.0	38.0
8	37.016	38.0	38.0	38.0	36.0	38.0
9	37.234	38.0	38.0	38.0	36.0	38.0
10	37.417	38.0	38.0	38.0	37.0	38.0
11	37.263	38.0	38.0	38.0	36.0	38.0
12	37.173	38.0	38.0	38.0	36.0	38.0
13	37.202	38.0	38.0	38.0	37.0	38.0
14	37.142	38.0	38.0	38.0	37.0	38.0
15	37.275	38.0	38.0	38.0	36.0	38.0
16	37.216	38.0	38.0	38.0	37.0	38.0
17	37.212	38.0	38.0	38.0	36.0	38.0
18	37.007	38.0	38.0	38.0	36.0	38.0
19	37.131	38.0	38.0	38.0	36.0	38.0
20	37.113	38.0	38.0	38.0	36.0	38.0
21	37.076	38.0	38.0	38.0	36.0	38.0
22	37.021	38.0	38.0	38.0	36.0	38.0
23	37.164	38.0	38.0	38.0	36.0	38.0
24	37.104	38.0	38.0	38.0	36.0	38.0
25	37.021	38.0	38.0	38.0	36.0	38.0
26	37.046	38.0	38.0	38.0	36.0	38.0
27	37.034	38.0	38.0	38.0	36.0	38.0
28	37.084	38.0	38.0	38.0	36.0	38.0
29	37.09	38.0	38.0	38.0	36.0	38.0
30	37.234	38.0	38.0	38.0	37.0	38.0
31	37.175	38.0	38.0	38.0	36.0	38.0
32	37.117	38.0	38.0	38.0	36.0	38.0
33	37.069	38.0	38.0	38.0	36.0	38.0
34	37.101	38.0	38.0	38.0	36.0	38.0
35	36.879	38.0	38.0	38.0	36.0	38.0
36	36.942	38.0	38.0	38.0	35.0	38.0
37	36.89	38.0	38.0	38.0	35.0	38.0
38	37.013	38.0	38.0	38.0	36.0	38.0
39	37.026	38.0	38.0	38.0	36.0	38.0
40	36.814	38.0	38.0	38.0	35.0	38.0
41	36.962	38.0	38.0	38.0	36.0	38.0
42	36.964	38.0	38.0	38.0	36.0	38.0
43	36.88	38.0	38.0	38.0	36.0	38.0
44	36.857	38.0	38.0	38.0	35.0	38.0
45	36.774	38.0	38.0	38.0	35.0	38.0
46	36.812	38.0	38.0	38.0	35.0	38.0
47	36.801	38.0	38.0	38.0	35.0	38.0
48	36.82	38.0	38.0	38.0	35.0	38.0
49	36.695	38.0	38.0	38.0	35.0	38.0
50	36.696	38.0	38.0	38.0	34.0	38.0
51	36.532	38.0	38.0	38.0	34.0	38.0
52	36.421	38.0	38.0	38.0	34.0	38.0
53	36.449	38.0	38.0	38.0	34.0	38.0
54	36.58	38.0	38.0	38.0	34.0	38.0
55	36.433	38.0	38.0	38.0	34.0	38.0
56	36.574	38.0	38.0	38.0	34.0	38.0
57	36.434	38.0	38.0	38.0	33.0	38.0
58	36.767	38.0	38.0	38.0	35.0	38.0
59	36.646	38.0	38.0	38.0	35.0	38.0
60	36.686	38.0	38.0	38.0	35.0	38.0
61	36.425	38.0	38.0	38.0	34.0	38.0
62	36.448	38.0	38.0	38.0	34.0	38.0
63	36.575	38.0	38.0	38.0	34.0	38.0
64	36.395	38.0	38.0	38.0	34.0	38.0
65	36.37	38.0	38.0	38.0	34.0	38.0
66	36.464	38.0	38.0	38.0	34.0	38.0
67	36.288	38.0	38.0	38.0	34.0	38.0
68	36.233	38.0	37.0	38.0	34.0	38.0
69	36.328	38.0	38.0	38.0	34.0	38.0
70	36.318	38.0	38.0	38.0	34.0	38.0
71	36.138	38.0	38.0	38.0	33.0	38.0
72	36.241	38.0	37.0	38.0	34.0	38.0
73	36.346	38.0	38.0	38.0	34.0	38.0
74	36.034	38.0	38.0	38.0	33.0	38.0
75	35.093	38.0	35.0	38.0	29.0	38.0
>>END_MODULE
>>Per tile sequence quality	pass
#Tile	Base	Mean
1101	1	0.0
1101	2	0.0
1101	3	0.0
1101	4	0.0
1101	5	0.0
1101	6	0.0
1101	7	0.0
1101	8	0.0
1101	9	0.0
1101	10	0.0
1101	11	0.0
1101	12	0.0
1101	13	0.0
1101	14	0.0
1101	15	0.0
1101	16	0.0
1101	17	0.0
1101	18	0.0
1101	19	0.0
1101	20	0.0
1101	21	0.0
1101	22	0.0
1101	23	0.0
1101	24	0.0
1101	25	0.0
1101	26	0.0
1101	27	0.0
1101	28	0.0
1101	29	0.0
1101	30	0.0
1101	31	0.0
1101	32	0.0
1101	33	0.0
1101	34	0.0
1101	35	0.0
1101	36	0.0
1101	37	0.0
1101	38	0.0
1101	39	0.0
1101	40	0.0
1101	41	0.0
1101	42	0.0
1101	43	0.0
1101	44	0.0
1101	45	0.0
1101	46	0.0
1101	47	0.0
1101	48	0.0
1101	49	0.0
1101	50	0.0
1101	51	0.0
1101	52	0.0
1101	53	0.0
1101	54	0.0
1101	55	0.0
1101	56	0.0
1101	57	0.0
1101	58	0.0
1101	59	0.0
1101	60	0.0
1101	61	0.0
1101	62	0.0
1101	63	0.0
1101	64	0.0
1101	65	0.0
1101	66	0.0
1101	67	0.0
1101	68	0.0
1101	69	0.0
1101	70	0.0
1101	71	0.0
1101	72	0.0
1101	73	0.0
1101	74	0.0
1101	75	0.0
>>END_MODULE
>>Per sequence quality scores	pass
#Quality	Count
11	1.0
12	0.0
13	0.0
14	0.0
15	0.0
16	0.0
17	1.0
18	0.0
19	1.0
20	0.0
21	1.0
22	0.0
23	1.0
24	1.0
25	2.0
26	0.0
27	3.0
28	9.0
29	10.0
30	12.0
31	18.0
32	16.0
33	22.0
34	42.0
35	56.0
36	188.0
37	616.0
>>END_MODULE
>>Per base sequence content	fail
#Base	G	A	T	C
1	10.225763612217795	34.26294820717131	22.84196547144754	32.669322709163346
2	21.099999999999998	32.1	30.5	16.3
3	17.5	31.5	29.9	21.099999999999998
4	15.2	28.9	33.0	22.900000000000002
5	21.2	31.1	27.1	20.599999999999998
6	19.8	27.400000000000002	31.8	21.0
7	21.099999999999998	31.2	29.9	17.8
8	18.099999999999998	31.0	31.7	19.2
9	17.7	29.799999999999997	31.7	20.8
10	20.7	26.1	31.7	21.5
11	19.400000000000002	29.2	31.1	20.3
12	20.599999999999998	28.799999999999997	30.4	20.200000000000003
13	21.0	29.7	30.7	18.6
14	19.400000000000002	30.099999999999998	30.9	19.6
15	20.7	30.7	27.900000000000002	20.7
16	21.4	29.299999999999997	29.2	20.1
17	21.7	29.2	27.500000000000004	21.6
18	18.2	30.2	28.999999999999996	22.6
19	20.3	30.2	31.4	18.099999999999998
20	21.4	28.799999999999997	29.599999999999998	20.200000000000003
21	21.7	29.799999999999997	27.200000000000003	21.3
22	21.3	26.3	31.900000000000002	20.5
23	23.200000000000003	29.299999999999997	27.0	20.5
24	20.0	29.299999999999997	30.2	20.5
25	18.9	30.0	28.199999999999996	22.900000000000002
26	20.0	30.099999999999998	29.099999999999998	20.8
27	20.200000000000003	29.2	28.4	22.2
28	21.7	31.2	28.499999999999996	18.6
29	20.0	27.500000000000004	30.099999999999998	22.400000000000002
30	19.6	30.0	30.4	20.0
31	20.9	31.3	28.4	19.400000000000002
32	23.599999999999998	27.500000000000004	29.099999999999998	19.8
33	22.8	28.9	29.5	18.8
34	21.099999999999998	31.1	29.099999999999998	18.7
35	21.7	30.5	26.8	21.0
36	20.0	28.499999999999996	30.5	21.0
37	19.400000000000002	30.0	29.9	20.7
38	19.1	29.5	30.2	21.2
39	20.0	30.9	27.500000000000004	21.6
40	20.1	27.700000000000003	32.9	19.3
41	24.8	26.1	25.8	23.3
42	20.599999999999998	30.2	26.3	22.900000000000002
43	20.5	27.400000000000002	30.5	21.6
44	20.200000000000003	27.900000000000002	31.1	20.8
45	21.5	28.000000000000004	28.1	22.400000000000002
46	21.6	27.800000000000004	28.999999999999996	21.6
47	21.7	29.9	28.7	19.7
48	21.7	28.4	30.7	19.2
49	20.599999999999998	28.9	29.4	21.099999999999998
50	20.200000000000003	31.4	26.700000000000003	21.7
51	19.5	29.799999999999997	27.0	23.7
52	18.6	33.4	27.800000000000004	20.200000000000003
53	22.900000000000002	28.199999999999996	30.099999999999998	18.8
54	22.2	28.9	26.0	22.900000000000002
55	22.8	28.7	27.800000000000004	20.7
56	22.5	27.500000000000004	29.299999999999997	20.7
57	22.2	26.700000000000003	29.099999999999998	22.0
58	19.400000000000002	30.599999999999998	27.200000000000003	22.8
59	21.3	28.1	28.199999999999996	22.400000000000002
60	24.099999999999998	27.800000000000004	28.799999999999997	19.3
61	22.6	29.7	27.800000000000004	19.900000000000002
62	21.7	27.900000000000002	28.199999999999996	22.2
63	19.7	29.2	28.1	23.0
64	21.5	26.900000000000002	28.9	22.7
65	20.5	27.700000000000003	30.0	21.8
66	22.7	29.5	27.400000000000002	20.4
67	22.8	29.7	25.8	21.7
68	22.0	30.9	27.900000000000002	19.2
69	22.1	28.499999999999996	27.700000000000003	21.7
70	21.0	31.4	27.800000000000004	19.8
71	22.3	26.6	28.499999999999996	22.6
72	20.9	29.099999999999998	29.4	20.599999999999998
73	23.3	28.000000000000004	28.299999999999997	20.4
74	23.1	28.499999999999996	28.7	19.7
75	23.599999999999998	28.9	28.299999999999997	19.2
>>END_MODULE
>>Per sequence GC content	warn
#GC Content	Count
0	0.0
1	0.0
2	0.0
3	0.0
4	0.0
5	0.0
6	0.0
7	0.5
8	1.0
9	0.5
10	0.0
11	0.5
12	1.0
13	0.5
14	0.0
15	1.5
16	3.0
17	2.0
18	1.0
19	3.0
20	5.0
21	4.0
22	6.0
23	9.5
24	10.0
25	12.0
26	16.0
27	16.5
28	15.0
29	23.5
30	37.0
31	42.5
32	43.0
33	38.5
34	42.5
35	47.0
36	43.0
37	51.0
38	57.0
39	57.5
40	60.0
41	57.5
42	52.5
43	46.5
44	43.0
45	42.0
46	33.0
47	28.0
48	31.0
49	34.5
50	35.5
51	29.5
52	26.0
53	32.5
54	28.5
55	20.0
56	22.0
57	23.0
58	18.0
59	10.5
60	9.0
61	7.0
62	4.5
63	5.5
64	7.0
65	7.5
66	5.5
67	2.5
68	2.0
69	1.5
70	1.5
71	1.5
72	1.0
73	0.5
74	0.0
75	0.0
76	0.0
77	0.5
78	0.5
79	0.0
80	0.0
81	0.0
82	0.0
83	0.0
84	0.0
85	0.0
86	0.0
87	0.0
88	0.0
89	0.0
90	0.0
91	0.0
92	0.0
93	0.0
94	0.0
95	0.0
96	0.0
97	0.0
98	0.0
99	0.0
100	0.0
>>END_MODULE
>>Per base N content	fail
#Base	N-Count
1	24.7
2	0.0
3	0.0
4	0.0
5	0.0
6	0.0
7	0.0
8	0.0
9	0.0
10	0.0
11	0.0
12	0.0
13	0.0
14	0.0
15	0.0
16	0.0
17	0.0
18	0.0
19	0.0
20	0.0
21	0.0
22	0.0
23	0.0
24	0.0
25	0.0
26	0.0
27	0.0
28	0.0
29	0.0
30	0.0
31	0.0
32	0.0
33	0.0
34	0.0
35	0.0
36	0.0
37	0.0
38	0.0
39	0.0
40	0.0
41	0.0
42	0.0
43	0.0
44	0.0
45	0.0
46	0.0
47	0.0
48	0.0
49	0.0
50	0.0
51	0.0
52	0.0
53	0.0
54	0.0
55	0.0
56	0.0
57	0.0
58	0.0
59	0.0
60	0.0
61	0.0
62	0.0
63	0.0
64	0.0
65	0.0
66	0.0
67	0.0
68	0.0
69	0.0
70	0.0
71	0.0
72	0.0
73	0.0
74	0.0
75	0.0
>>END_MODULE
>>Sequence Length Distribution	pass
#Length	Count
75	1000.0
>>END_MODULE
>>Sequence Duplication Levels	pass
#Total Deduplicated Percentage	100.0
#Duplication Level	Percentage of deduplicated	Percentage of total
1	100.0	100.0
2	0.0	0.0
3	0.0	0.0
4	0.0	0.0
5	0.0	0.0
6	0.0	0.0
7	0.0	0.0
8	0.0	0.0
9	0.0	0.0
>10	0.0	0.0
>50	0.0	0.0
>100	0.0	0.0
>500	0.0	0.0
>1k	0.0	0.0
>5k	0.0	0.0
>10k+	0.0	0.0
>>END_MODULE
>>Overrepresented sequences	pass
>>END_MODULE
>>Adapter Content	pass
#Position	Illumina Universal Adapter	Illumina Small RNA 3' Adapter	Illumina Small RNA 5' Adapter	Nextera Transposase Sequence	SOLID Small RNA Adapter
1	0.0	0.0	0.0	0.0	0.0
2	0.0	0.0	0.0	0.0	0.0
3	0.0	0.0	0.0	0.0	0.0
4	0.0	0.0	0.0	0.0	0.0
5	0.0	0.0	0.0	0.0	0.0
6	0.0	0.0	0.0	0.0	0.0
7	0.0	0.0	0.0	0.0	0.0
8	0.0	0.0	0.0	0.0	0.0
9	0.0	0.0	0.0	0.0	0.0
10	0.0	0.0	0.0	0.0	0.0
11	0.0	0.0	0.0	0.0	0.0
12	0.0	0.0	0.0	0.0	0.0
13	0.0	0.0	0.0	0.0	0.0
14	0.0	0.0	0.0	0.0	0.0
15	0.0	0.0	0.0	0.0	0.0
16	0.0	0.0	0.0	0.0	0.0
17	0.0	0.0	0.0	0.0	0.0
18	0.0	0.0	0.0	0.0	0.0
19	0.0	0.0	0.0	0.0	0.0
20	0.0	0.0	0.0	0.0	0.0
21	0.0	0.0	0.0	0.0	0.0
22	0.0	0.0	0.0	0.0	0.0
23	0.0	0.0	0.0	0.0	0.0
24	0.0	0.0	0.0	0.0	0.0
25	0.0	0.0	0.0	0.0	0.0
26	0.0	0.0	0.0	0.0	0.0
27	0.0	0.0	0.0	0.0	0.0
28	0.0	0.0	0.0	0.0	0.0
29	0.0	0.0	0.0	0.0	0.0
30	0.0	0.0	0.0	0.0	0.0
31	0.0	0.0	0.0	0.0	0.0
32	0.0	0.0	0.0	0.0	0.0
33	0.0	0.0	0.0	0.0	0.0
34	0.0	0.0	0.0	0.0	0.0
35	0.0	0.0	0.0	0.0	0.0
36	0.0	0.0	0.0	0.0	0.0
37	0.0	0.0	0.0	0.0	0.0
38	0.0	0.0	0.0	0.0	0.0
39	0.0	0.0	0.0	0.0	0.0
40	0.0	0.0	0.0	0.0	0.0
41	0.0	0.0	0.0	0.0	0.0
42	0.1	0.0	0.0	0.0	0.0
43	0.1	0.0	0.0	0.0	0.0
44	0.2	0.0	0.0	0.0	0.0
45	0.2	0.0	0.0	0.0	0.0
46	0.2	0.0	0.0	0.0	0.0
47	0.2	0.0	0.0	0.0	0.0
48	0.2	0.0	0.0	0.0	0.0
49	0.3	0.0	0.0	0.0	0.0
50	0.3	0.0	0.0	0.0	0.0
51	0.3	0.0	0.0	0.0	0.0
52	0.3	0.0	0.0	0.0	0.0
53	0.4	0.0	0.0	0.0	0.0
54	0.4	0.0	0.0	0.0	0.0
55	0.4	0.0	0.0	0.0	0.0
56	0.4	0.0	0.0	0.0	0.0
57	0.4	0.0	0.0	0.0	0.0
58	0.5	0.0	0.0	0.0	0.0
59	0.6	0.0	0.0	0.0	0.0
60	0.6	0.0	0.0	0.0	0.0
61	0.6	0.0	0.0	0.0	0.0
62	0.7	0.0	0.0	0.0	0.0
63	0.8	0.0	0.0	0.0	0.0
>>END_MODULE
>>Kmer Content	pass
>>END_MODULE
