##FastQC	0.11.5
>>Basic Statistics	pass
#Measure	Value
Filename	ad1a9f5b0_c478f1d09_read1.fastq.gz
File type	Conventional base calls
Encoding	Sanger / Illumina 1.9
Total Sequences	1000
Sequences flagged as poor quality	0
Sequence length	75
%GC	42
>>END_MODULE
>>Per base sequence quality	pass
#Base	Mean	Median	Lower Quartile	Upper Quartile	10th Percentile	90th Percentile
1	19.987	25.0	18.0	28.0	2.0	32.0
2	29.112	28.0	27.0	32.0	27.0	33.0
3	29.053	31.0	27.0	33.0	25.0	33.0
4	25.064	27.0	15.0	32.0	15.0	33.0
5	30.144	32.0	27.0	33.0	27.0	33.0
6	34.324	36.0	31.0	37.0	29.0	38.0
7	36.049	38.0	36.0	38.0	33.0	38.0
8	36.626	38.0	37.0	38.0	34.0	38.0
9	36.797	38.0	38.0	38.0	35.0	38.0
10	36.92	38.0	38.0	38.0	35.0	38.0
11	37.09	38.0	38.0	38.0	36.0	38.0
12	37.034	38.0	38.0	38.0	36.0	38.0
13	36.992	38.0	38.0	38.0	35.0	38.0
14	37.032	38.0	38.0	38.0	35.0	38.0
15	37.105	38.0	38.0	38.0	35.0	38.0
16	37.069	38.0	38.0	38.0	36.0	38.0
17	37.158	38.0	38.0	38.0	36.0	38.0
18	37.109	38.0	38.0	38.0	36.0	38.0
19	37.015	38.0	38.0	38.0	35.0	38.0
20	37.055	38.0	38.0	38.0	36.0	38.0
21	36.916	38.0	38.0	38.0	36.0	38.0
22	36.996	38.0	38.0	38.0	36.0	38.0
23	36.79	38.0	38.0	38.0	35.0	38.0
24	37.029	38.0	38.0	38.0	36.0	38.0
25	37.008	38.0	38.0	38.0	36.0	38.0
26	37.049	38.0	38.0	38.0	36.0	38.0
27	37.024	38.0	38.0	38.0	36.0	38.0
28	36.828	38.0	38.0	38.0	34.0	38.0
29	36.957	38.0	38.0	38.0	36.0	38.0
30	36.85	38.0	38.0	38.0	35.0	38.0
31	36.671	38.0	38.0	38.0	35.0	38.0
32	36.642	38.0	38.0	38.0	34.0	38.0
33	36.691	38.0	38.0	38.0	35.0	38.0
34	36.535	38.0	38.0	38.0	34.0	38.0
35	36.572	38.0	38.0	38.0	35.0	38.0
36	36.733	38.0	38.0	38.0	35.0	38.0
37	36.718	38.0	38.0	38.0	35.0	38.0
38	36.683	38.0	38.0	38.0	35.0	38.0
39	36.554	38.0	38.0	38.0	34.0	38.0
40	36.617	38.0	38.0	38.0	34.0	38.0
41	36.437	38.0	38.0	38.0	34.0	38.0
42	36.487	38.0	38.0	38.0	34.0	38.0
43	36.489	38.0	38.0	38.0	34.0	38.0
44	36.364	38.0	38.0	38.0	34.0	38.0
45	36.418	38.0	38.0	38.0	34.0	38.0
46	36.499	38.0	38.0	38.0	34.0	38.0
47	36.397	38.0	38.0	38.0	34.0	38.0
48	36.36	38.0	38.0	38.0	34.0	38.0
49	36.163	38.0	38.0	38.0	33.0	38.0
50	36.268	38.0	38.0	38.0	34.0	38.0
51	36.385	38.0	38.0	38.0	34.0	38.0
52	36.156	38.0	38.0	38.0	33.0	38.0
53	36.469	38.0	38.0	38.0	34.0	38.0
54	36.387	38.0	38.0	38.0	34.0	38.0
55	36.367	38.0	38.0	38.0	34.0	38.0
56	36.29	38.0	38.0	38.0	34.0	38.0
57	36.359	38.0	38.0	38.0	34.0	38.0
58	36.301	38.0	38.0	38.0	34.0	38.0
59	36.004	38.0	38.0	38.0	33.0	38.0
60	36.075	38.0	37.0	38.0	33.0	38.0
61	36.154	38.0	38.0	38.0	33.0	38.0
62	36.306	38.0	38.0	38.0	34.0	38.0
63	36.059	38.0	38.0	38.0	33.0	38.0
64	36.293	38.0	38.0	38.0	34.0	38.0
65	36.304	38.0	38.0	38.0	34.0	38.0
66	36.097	38.0	38.0	38.0	33.0	38.0
67	36.019	38.0	38.0	38.0	31.0	38.0
68	36.086	38.0	37.0	38.0	34.0	38.0
69	36.001	38.0	38.0	38.0	33.0	38.0
70	35.559	38.0	37.0	38.0	29.0	38.0
71	35.657	38.0	37.0	38.0	31.0	38.0
72	35.731	38.0	37.0	38.0	31.0	38.0
73	35.663	38.0	37.0	38.0	31.0	38.0
74	35.466	38.0	37.0	38.0	31.0	38.0
75	34.779	38.0	36.0	38.0	28.0	38.0
>>END_MODULE
>>Per tile sequence quality	pass
#Tile	Base	Mean
1101	1	0.0
1101	2	0.0
1101	3	0.0
1101	4	0.0
1101	5	0.0
1101	6	0.0
1101	7	0.0
1101	8	0.0
1101	9	0.0
1101	10	0.0
1101	11	0.0
1101	12	0.0
1101	13	0.0
1101	14	0.0
1101	15	0.0
1101	16	0.0
1101	17	0.0
1101	18	0.0
1101	19	0.0
1101	20	0.0
1101	21	0.0
1101	22	0.0
1101	23	0.0
1101	24	0.0
1101	25	0.0
1101	26	0.0
1101	27	0.0
1101	28	0.0
1101	29	0.0
1101	30	0.0
1101	31	0.0
1101	32	0.0
1101	33	0.0
1101	34	0.0
1101	35	0.0
1101	36	0.0
1101	37	0.0
1101	38	0.0
1101	39	0.0
1101	40	0.0
1101	41	0.0
1101	42	0.0
1101	43	0.0
1101	44	0.0
1101	45	0.0
1101	46	0.0
1101	47	0.0
1101	48	0.0
1101	49	0.0
1101	50	0.0
1101	51	0.0
1101	52	0.0
1101	53	0.0
1101	54	0.0
1101	55	0.0
1101	56	0.0
1101	57	0.0
1101	58	0.0
1101	59	0.0
1101	60	0.0
1101	61	0.0
1101	62	0.0
1101	63	0.0
1101	64	0.0
1101	65	0.0
1101	66	0.0
1101	67	0.0
1101	68	0.0
1101	69	0.0
1101	70	0.0
1101	71	0.0
1101	72	0.0
1101	73	0.0
1101	74	0.0
1101	75	0.0
>>END_MODULE
>>Per sequence quality scores	pass
#Quality	Count
16	2.0
17	0.0
18	0.0
19	3.0
20	2.0
21	0.0
22	1.0
23	0.0
24	3.0
25	4.0
26	5.0
27	9.0
28	10.0
29	12.0
30	21.0
31	17.0
32	25.0
33	32.0
34	46.0
35	75.0
36	308.0
37	425.0
>>END_MODULE
>>Per base sequence content	fail
#Base	G	A	T	C
1	50.99601593625498	22.576361221779546	13.280212483399733	13.147410358565736
2	23.5	40.6	20.200000000000003	15.7
3	15.5	20.5	42.8	21.2
4	16.900000000000002	21.099999999999998	24.0	38.0
5	17.0	30.8	30.3	21.9
6	18.8	27.700000000000003	28.599999999999998	24.9
7	20.0	30.7	28.599999999999998	20.7
8	17.5	28.299999999999997	29.299999999999997	24.9
9	19.0	29.5	30.4	21.099999999999998
10	21.099999999999998	30.599999999999998	28.7	19.6
11	18.9	29.299999999999997	30.3	21.5
12	19.0	31.1	28.799999999999997	21.099999999999998
13	20.7	26.700000000000003	27.800000000000004	24.8
14	18.0	27.500000000000004	30.599999999999998	23.9
15	20.7	31.4	27.200000000000003	20.7
16	24.4	26.700000000000003	26.1	22.8
17	20.599999999999998	31.1	26.200000000000003	22.1
18	18.2	30.7	28.7	22.400000000000002
19	23.3	27.900000000000002	28.4	20.4
20	19.2	29.799999999999997	30.8	20.200000000000003
21	20.5	27.1	29.799999999999997	22.6
22	18.4	28.999999999999996	27.800000000000004	24.8
23	22.2	29.799999999999997	27.700000000000003	20.3
24	20.599999999999998	30.599999999999998	29.5	19.3
25	23.200000000000003	31.900000000000002	29.7	15.2
26	22.2	30.3	29.2	18.3
27	19.8	25.6	31.3	23.3
28	21.099999999999998	27.700000000000003	27.700000000000003	23.5
29	22.6	28.199999999999996	27.6	21.6
30	22.6	29.599999999999998	26.900000000000002	20.9
31	23.9	28.4	27.3	20.4
32	22.400000000000002	28.7	27.500000000000004	21.4
33	23.1	28.9	28.499999999999996	19.5
34	21.099999999999998	33.4	26.3	19.2
35	21.9	30.7	28.4	19.0
36	23.0	27.700000000000003	28.9	20.4
37	21.0	31.0	26.0	22.0
38	19.2	30.8	28.000000000000004	22.0
39	22.7	29.7	31.1	16.5
40	21.4	30.8	26.5	21.3
41	22.2	31.2	26.200000000000003	20.4
42	20.3	29.5	30.5	19.7
43	20.8	27.500000000000004	31.0	20.7
44	21.0	26.900000000000002	30.8	21.3
45	22.2	30.5	25.8	21.5
46	21.8	30.4	29.099999999999998	18.7
47	20.4	28.799999999999997	27.1	23.7
48	19.0	27.400000000000002	29.2	24.4
49	19.1	28.999999999999996	31.0	20.9
50	18.2	33.2	25.6	23.0
51	19.6	28.7	27.400000000000002	24.3
52	18.5	28.799999999999997	28.000000000000004	24.7
53	19.2	29.2	29.4	22.2
54	18.8	28.4	26.900000000000002	25.900000000000002
55	20.200000000000003	31.0	30.2	18.6
56	20.599999999999998	29.799999999999997	27.6	22.0
57	21.3	26.700000000000003	30.7	21.3
58	18.6	28.7	28.4	24.3
59	19.3	28.4	31.900000000000002	20.4
60	21.3	28.7	28.799999999999997	21.2
61	18.7	29.2	30.7	21.4
62	19.5	28.1	28.599999999999998	23.799999999999997
63	21.099999999999998	28.000000000000004	29.299999999999997	21.6
64	18.6	31.4	30.3	19.7
65	23.1	29.4	26.400000000000002	21.099999999999998
66	19.2	29.099999999999998	31.1	20.599999999999998
67	19.6	30.5	27.700000000000003	22.2
68	21.9	30.4	26.8	20.9
69	19.400000000000002	30.0	28.7	21.9
70	19.0	29.4	29.599999999999998	22.0
71	20.599999999999998	30.4	28.000000000000004	21.0
72	20.7	30.9	30.2	18.2
73	23.9	28.1	28.599999999999998	19.400000000000002
74	19.900000000000002	30.3	30.5	19.3
75	21.6	28.1	30.599999999999998	19.7
>>END_MODULE
>>Per sequence GC content	fail
#GC Content	Count
0	0.0
1	0.0
2	0.0
3	0.0
4	0.0
5	0.0
6	0.0
7	0.0
8	0.0
9	0.0
10	0.5
11	0.5
12	0.0
13	0.0
14	0.5
15	0.5
16	0.0
17	0.5
18	2.0
19	3.0
20	3.0
21	4.0
22	6.5
23	7.5
24	7.0
25	10.5
26	18.0
27	24.5
28	27.0
29	26.5
30	29.0
31	32.0
32	32.0
33	35.5
34	41.0
35	50.5
36	58.0
37	52.0
38	52.0
39	55.0
40	52.0
41	49.5
42	45.0
43	45.5
44	48.0
45	43.0
46	46.0
47	42.0
48	30.0
49	29.5
50	28.0
51	30.5
52	34.0
53	33.0
54	31.0
55	24.0
56	18.0
57	22.0
58	24.0
59	17.0
60	12.0
61	11.0
62	8.5
63	4.5
64	2.0
65	4.0
66	4.0
67	2.5
68	3.0
69	1.5
70	0.0
71	0.0
72	0.0
73	0.0
74	0.0
75	1.0
76	2.0
77	1.0
78	0.0
79	0.0
80	0.0
81	0.0
82	0.0
83	0.0
84	0.0
85	0.0
86	0.0
87	0.0
88	0.0
89	0.0
90	0.0
91	0.0
92	0.0
93	0.0
94	0.0
95	0.0
96	0.0
97	0.0
98	0.0
99	0.0
100	0.0
>>END_MODULE
>>Per base N content	fail
#Base	N-Count
1	24.7
2	0.0
3	0.0
4	0.0
5	0.0
6	0.0
7	0.0
8	0.0
9	0.0
10	0.0
11	0.0
12	0.0
13	0.0
14	0.0
15	0.0
16	0.0
17	0.0
18	0.0
19	0.0
20	0.0
21	0.0
22	0.0
23	0.0
24	0.0
25	0.0
26	0.0
27	0.0
28	0.0
29	0.0
30	0.0
31	0.0
32	0.0
33	0.0
34	0.0
35	0.0
36	0.0
37	0.0
38	0.0
39	0.0
40	0.0
41	0.0
42	0.0
43	0.0
44	0.0
45	0.0
46	0.0
47	0.0
48	0.0
49	0.0
50	0.0
51	0.0
52	0.0
53	0.0
54	0.0
55	0.0
56	0.0
57	0.0
58	0.0
59	0.0
60	0.0
61	0.0
62	0.0
63	0.0
64	0.0
65	0.0
66	0.0
67	0.0
68	0.0
69	0.0
70	0.0
71	0.0
72	0.0
73	0.0
74	0.0
75	0.0
>>END_MODULE
>>Sequence Length Distribution	pass
#Length	Count
75	1000.0
>>END_MODULE
>>Sequence Duplication Levels	pass
#Total Deduplicated Percentage	100.0
#Duplication Level	Percentage of deduplicated	Percentage of total
1	100.0	100.0
2	0.0	0.0
3	0.0	0.0
4	0.0	0.0
5	0.0	0.0
6	0.0	0.0
7	0.0	0.0
8	0.0	0.0
9	0.0	0.0
>10	0.0	0.0
>50	0.0	0.0
>100	0.0	0.0
>500	0.0	0.0
>1k	0.0	0.0
>5k	0.0	0.0
>10k+	0.0	0.0
>>END_MODULE
>>Overrepresented sequences	pass
>>END_MODULE
>>Adapter Content	pass
#Position	Illumina Universal Adapter	Illumina Small RNA 3' Adapter	Illumina Small RNA 5' Adapter	Nextera Transposase Sequence	SOLID Small RNA Adapter
1	0.0	0.0	0.0	0.0	0.0
2	0.0	0.0	0.0	0.0	0.0
3	0.0	0.0	0.0	0.0	0.0
4	0.0	0.0	0.0	0.0	0.0
5	0.0	0.0	0.0	0.0	0.0
6	0.0	0.0	0.0	0.0	0.0
7	0.0	0.0	0.0	0.0	0.0
8	0.0	0.0	0.0	0.0	0.0
9	0.0	0.0	0.0	0.0	0.0
10	0.0	0.0	0.0	0.0	0.0
11	0.0	0.0	0.0	0.0	0.0
12	0.0	0.0	0.0	0.0	0.0
13	0.0	0.0	0.0	0.0	0.0
14	0.0	0.0	0.0	0.0	0.0
15	0.0	0.0	0.0	0.0	0.0
16	0.0	0.0	0.0	0.0	0.0
17	0.0	0.0	0.0	0.0	0.0
18	0.0	0.0	0.0	0.0	0.0
19	0.0	0.0	0.0	0.0	0.0
20	0.0	0.0	0.0	0.0	0.0
21	0.0	0.0	0.0	0.0	0.0
22	0.0	0.0	0.0	0.0	0.0
23	0.0	0.0	0.0	0.0	0.0
24	0.0	0.0	0.0	0.0	0.0
25	0.0	0.0	0.0	0.0	0.0
26	0.0	0.0	0.0	0.0	0.0
27	0.0	0.0	0.0	0.0	0.0
28	0.0	0.0	0.0	0.0	0.0
29	0.0	0.0	0.0	0.0	0.0
30	0.0	0.0	0.0	0.0	0.0
31	0.0	0.0	0.0	0.0	0.0
32	0.0	0.0	0.0	0.0	0.0
33	0.0	0.0	0.0	0.0	0.0
34	0.0	0.0	0.0	0.0	0.0
35	0.0	0.0	0.0	0.0	0.0
36	0.0	0.0	0.0	0.0	0.0
37	0.0	0.0	0.0	0.0	0.0
38	0.0	0.0	0.0	0.0	0.0
39	0.0	0.0	0.0	0.0	0.0
40	0.0	0.0	0.0	0.0	0.0
41	0.0	0.0	0.0	0.0	0.0
42	0.0	0.0	0.0	0.0	0.0
43	0.0	0.0	0.0	0.0	0.0
44	0.0	0.0	0.0	0.0	0.0
45	0.0	0.0	0.0	0.0	0.0
46	0.0	0.0	0.0	0.0	0.0
47	0.0	0.0	0.0	0.0	0.0
48	0.0	0.0	0.0	0.0	0.0
49	0.0	0.0	0.0	0.0	0.0
50	0.0	0.0	0.0	0.0	0.0
51	0.0	0.0	0.0	0.0	0.0
52	0.0	0.0	0.0	0.0	0.0
53	0.0	0.0	0.0	0.0	0.0
54	0.0	0.0	0.0	0.0	0.0
55	0.0	0.0	0.0	0.0	0.0
56	0.0	0.0	0.0	0.0	0.0
57	0.0	0.0	0.0	0.0	0.0
58	0.0	0.0	0.0	0.0	0.0
59	0.0	0.0	0.0	0.0	0.0
60	0.0	0.0	0.0	0.0	0.0
61	0.0	0.0	0.0	0.0	0.0
62	0.0	0.0	0.0	0.0	0.0
63	0.0	0.0	0.0	0.0	0.0
>>END_MODULE
>>Kmer Content	pass
>>END_MODULE
