##FastQC	0.11.5
>>Basic Statistics	pass
#Measure	Value
Filename	0f24b004c_0e31e17c7_read1.fastq.gz
File type	Conventional base calls
Encoding	Sanger / Illumina 1.9
Total Sequences	1000
Sequences flagged as poor quality	0
Sequence length	76
%GC	41
>>END_MODULE
>>Per base sequence quality	fail
#Base	Mean	Median	Lower Quartile	Upper Quartile	10th Percentile	90th Percentile
1	24.513	33.0	2.0	34.0	2.0	34.0
2	31.625	33.0	28.0	34.0	27.0	34.0
3	32.081	33.0	32.0	34.0	27.0	34.0
4	32.678	33.0	33.0	34.0	31.0	34.0
5	33.087	33.0	33.0	34.0	32.0	34.0
6	36.677	38.0	37.0	38.0	34.0	38.0
7	37.099	38.0	38.0	38.0	36.0	38.0
8	37.243	38.0	38.0	38.0	36.0	38.0
9	37.068	38.0	38.0	38.0	36.0	38.0
10-11	37.249	38.0	38.0	38.0	36.5	38.0
12-13	37.2515	38.0	38.0	38.0	37.0	38.0
14-15	37.205	38.0	38.0	38.0	36.5	38.0
16-17	37.2435	38.0	38.0	38.0	37.0	38.0
18-19	37.216499999999996	38.0	38.0	38.0	37.0	38.0
20-21	37.0595	38.0	38.0	38.0	36.0	38.0
22-23	37.132000000000005	38.0	38.0	38.0	36.0	38.0
24-25	37.1475	38.0	38.0	38.0	36.0	38.0
26-27	37.067	38.0	38.0	38.0	36.0	38.0
28-29	37.007999999999996	38.0	38.0	38.0	36.0	38.0
30-31	36.968500000000006	38.0	38.0	38.0	36.0	38.0
32-33	36.9575	38.0	38.0	38.0	36.0	38.0
34-35	36.9695	38.0	38.0	38.0	35.5	38.0
36-37	36.9775	38.0	38.0	38.0	36.0	38.0
38-39	36.911	38.0	38.0	38.0	36.0	38.0
40-41	36.733000000000004	38.0	38.0	38.0	34.0	38.0
42-43	36.703	38.0	38.0	38.0	35.0	38.0
44-45	36.89	38.0	38.0	38.0	35.5	38.0
46-47	36.7685	38.0	38.0	38.0	34.5	38.0
48-49	36.558	38.0	38.0	38.0	34.0	38.0
50-51	36.641	38.0	38.0	38.0	34.0	38.0
52-53	36.501	38.0	38.0	38.0	34.5	38.0
54-55	36.469	38.0	38.0	38.0	34.0	38.0
56-57	36.67	38.0	38.0	38.0	34.0	38.0
58-59	36.399	38.0	38.0	38.0	33.5	38.0
60-61	36.272499999999994	38.0	38.0	38.0	33.5	38.0
62-63	36.2655	38.0	38.0	38.0	33.5	38.0
64-65	36.2405	38.0	37.0	38.0	33.5	38.0
66-67	36.457	38.0	38.0	38.0	33.5	38.0
68-69	36.382999999999996	38.0	38.0	38.0	34.0	38.0
70-71	36.283	38.0	37.5	38.0	33.0	38.0
72-73	36.3985	38.0	37.5	38.0	34.0	38.0
74-75	36.424	38.0	38.0	38.0	34.0	38.0
76	35.468	38.0	36.0	38.0	29.0	38.0
>>END_MODULE
>>Per tile sequence quality	pass
#Tile	Base	Mean
1101	1	0.0
1101	2	0.0
1101	3	0.0
1101	4	0.0
1101	5	0.0
1101	6	0.0
1101	7	0.0
1101	8	0.0
1101	9	0.0
1101	10-11	0.0
1101	12-13	0.0
1101	14-15	0.0
1101	16-17	0.0
1101	18-19	0.0
1101	20-21	0.0
1101	22-23	0.0
1101	24-25	0.0
1101	26-27	0.0
1101	28-29	0.0
1101	30-31	0.0
1101	32-33	0.0
1101	34-35	0.0
1101	36-37	0.0
1101	38-39	0.0
1101	40-41	0.0
1101	42-43	0.0
1101	44-45	0.0
1101	46-47	0.0
1101	48-49	0.0
1101	50-51	0.0
1101	52-53	0.0
1101	54-55	0.0
1101	56-57	0.0
1101	58-59	0.0
1101	60-61	0.0
1101	62-63	0.0
1101	64-65	0.0
1101	66-67	0.0
1101	68-69	0.0
1101	70-71	0.0
1101	72-73	0.0
1101	74-75	0.0
1101	76	0.0
>>END_MODULE
>>Per sequence quality scores	pass
#Quality	Count
17	1.0
18	0.0
19	0.0
20	0.0
21	1.0
22	0.0
23	0.0
24	3.0
25	2.0
26	4.0
27	6.0
28	5.0
29	10.0
30	14.0
31	11.0
32	24.0
33	26.0
34	32.0
35	50.0
36	218.0
37	593.0
>>END_MODULE
>>Per base sequence content	warn
#Base	G	A	T	C
1	18.646408839779006	31.906077348066297	12.845303867403315	36.60220994475138
2	14.299999999999999	35.099999999999994	34.2	16.400000000000002
3	15.8	27.200000000000003	36.1	20.9
4	16.900000000000002	25.5	30.0	27.6
5	20.599999999999998	28.999999999999996	29.5	20.9
6	18.7	28.799999999999997	31.900000000000002	20.599999999999998
7	20.9	28.599999999999998	28.999999999999996	21.5
8	18.3	30.599999999999998	31.5	19.6
9	17.8	26.900000000000002	34.2	21.099999999999998
10-11	19.25	30.099999999999998	29.7	20.95
12-13	20.9	30.0	28.65	20.45
14-15	20.5	29.25	29.65	20.599999999999998
16-17	21.75	29.599999999999998	28.999999999999996	19.650000000000002
18-19	19.8	29.2	30.7	20.3
20-21	21.8	30.0	28.1	20.1
22-23	19.900000000000002	28.799999999999997	30.45	20.849999999999998
24-25	22.85	28.749999999999996	28.7	19.7
26-27	20.8	29.75	28.15	21.3
28-29	21.4	28.999999999999996	28.7	20.9
30-31	20.5	30.45	28.599999999999998	20.45
32-33	21.7	29.799999999999997	29.049999999999997	19.45
34-35	20.4	30.7	29.45	19.45
36-37	21.7	29.45	29.15	19.7
38-39	21.099999999999998	28.9	28.599999999999998	21.4
40-41	20.8	28.749999999999996	30.0	20.45
42-43	21.5	27.0	30.9	20.599999999999998
44-45	19.7	29.2	30.049999999999997	21.05
46-47	20.25	29.95	30.0	19.8
48-49	19.1	29.2	29.75	21.95
50-51	19.85	30.95	27.950000000000003	21.25
52-53	21.7	30.3	27.750000000000004	20.25
54-55	21.3	30.15	30.25	18.3
56-57	20.65	29.099999999999998	29.099999999999998	21.15
58-59	23.5	28.349999999999998	28.849999999999998	19.3
60-61	19.55	29.599999999999998	28.199999999999996	22.650000000000002
62-63	20.150000000000002	29.4	29.25	21.2
64-65	20.8	32.2	27.500000000000004	19.5
66-67	20.3	29.9	29.099999999999998	20.7
68-69	22.55	26.150000000000002	29.549999999999997	21.75
70-71	20.150000000000002	28.249999999999996	30.049999999999997	21.55
72-73	20.200000000000003	29.5	30.599999999999998	19.7
74-75	21.0	27.55	30.95	20.5
76	20.3	28.799999999999997	29.7	21.2
>>END_MODULE
>>Per sequence GC content	fail
#GC Content	Count
0	0.0
1	0.0
2	0.0
3	0.0
4	0.0
5	0.0
6	0.0
7	0.0
8	0.0
9	0.5
10	0.5
11	0.0
12	0.0
13	0.0
14	0.5
15	0.5
16	0.0
17	0.0
18	1.0
19	3.5
20	7.5
21	10.0
22	12.0
23	16.0
24	13.5
25	9.0
26	12.0
27	17.0
28	21.5
29	24.0
30	28.5
31	35.5
32	41.0
33	44.0
34	42.0
35	46.0
36	49.0
37	46.0
38	50.5
39	59.0
40	54.0
41	44.0
42	43.0
43	49.5
44	46.0
45	48.5
46	61.0
47	49.5
48	34.0
49	35.5
50	41.0
51	30.5
52	23.0
53	21.0
54	16.0
55	18.5
56	15.0
57	13.0
58	17.0
59	14.5
60	11.0
61	10.0
62	10.0
63	8.0
64	4.0
65	4.0
66	3.5
67	1.0
68	1.5
69	1.0
70	0.5
71	1.0
72	1.0
73	0.5
74	0.0
75	0.0
76	0.0
77	0.0
78	0.0
79	0.0
80	0.0
81	0.0
82	0.0
83	0.0
84	0.5
85	0.5
86	0.0
87	0.0
88	0.0
89	0.0
90	0.0
91	0.0
92	0.0
93	0.0
94	0.0
95	0.0
96	0.0
97	0.0
98	0.0
99	0.0
100	0.0
>>END_MODULE
>>Per base N content	fail
#Base	N-Count
1	27.6
2	0.0
3	0.0
4	0.0
5	0.0
6	0.0
7	0.0
8	0.0
9	0.0
10-11	0.0
12-13	0.0
14-15	0.0
16-17	0.0
18-19	0.0
20-21	0.0
22-23	0.0
24-25	0.0
26-27	0.0
28-29	0.0
30-31	0.0
32-33	0.0
34-35	0.0
36-37	0.0
38-39	0.0
40-41	0.0
42-43	0.0
44-45	0.0
46-47	0.0
48-49	0.0
50-51	0.0
52-53	0.0
54-55	0.0
56-57	0.0
58-59	0.0
60-61	0.0
62-63	0.0
64-65	0.0
66-67	0.0
68-69	0.0
70-71	0.0
72-73	0.0
74-75	0.0
76	0.0
>>END_MODULE
>>Sequence Length Distribution	pass
#Length	Count
76	1000.0
>>END_MODULE
>>Sequence Duplication Levels	pass
#Total Deduplicated Percentage	100.0
#Duplication Level	Percentage of deduplicated	Percentage of total
1	100.0	100.0
2	0.0	0.0
3	0.0	0.0
4	0.0	0.0
5	0.0	0.0
6	0.0	0.0
7	0.0	0.0
8	0.0	0.0
9	0.0	0.0
>10	0.0	0.0
>50	0.0	0.0
>100	0.0	0.0
>500	0.0	0.0
>1k	0.0	0.0
>5k	0.0	0.0
>10k+	0.0	0.0
>>END_MODULE
>>Overrepresented sequences	pass
>>END_MODULE
>>Adapter Content	pass
#Position	Illumina Universal Adapter	Illumina Small RNA 3' Adapter	Illumina Small RNA 5' Adapter	Nextera Transposase Sequence	SOLID Small RNA Adapter
1	0.0	0.0	0.0	0.0	0.0
2	0.0	0.0	0.0	0.0	0.0
3	0.0	0.0	0.0	0.0	0.0
4	0.0	0.0	0.0	0.0	0.0
5	0.0	0.0	0.0	0.0	0.0
6	0.0	0.0	0.0	0.0	0.0
7	0.0	0.0	0.0	0.0	0.0
8	0.0	0.0	0.0	0.0	0.0
9	0.0	0.0	0.0	0.0	0.0
10	0.0	0.0	0.0	0.0	0.0
11	0.0	0.0	0.0	0.0	0.0
12	0.0	0.0	0.0	0.0	0.0
13	0.0	0.0	0.0	0.0	0.0
14	0.0	0.0	0.0	0.0	0.0
15	0.0	0.0	0.0	0.0	0.0
16	0.0	0.0	0.0	0.0	0.0
17	0.0	0.0	0.0	0.0	0.0
18	0.0	0.0	0.0	0.0	0.0
19	0.0	0.0	0.0	0.0	0.0
20	0.0	0.0	0.0	0.0	0.0
21	0.0	0.0	0.0	0.0	0.0
22	0.0	0.0	0.0	0.0	0.0
23	0.0	0.0	0.0	0.0	0.0
24	0.0	0.0	0.0	0.0	0.0
25	0.0	0.0	0.0	0.0	0.0
26	0.0	0.0	0.0	0.0	0.0
27	0.0	0.0	0.0	0.0	0.0
28	0.0	0.0	0.0	0.0	0.0
29	0.0	0.0	0.0	0.0	0.0
30	0.0	0.0	0.0	0.0	0.0
31	0.0	0.0	0.0	0.0	0.0
32	0.0	0.0	0.0	0.0	0.0
33	0.0	0.0	0.0	0.0	0.0
34	0.0	0.0	0.0	0.0	0.0
35	0.0	0.0	0.0	0.0	0.0
36	0.0	0.0	0.0	0.0	0.0
37	0.0	0.0	0.0	0.0	0.0
38	0.0	0.0	0.0	0.0	0.0
39	0.0	0.0	0.0	0.0	0.0
40	0.0	0.0	0.0	0.0	0.0
41	0.0	0.0	0.0	0.0	0.0
42	0.0	0.0	0.0	0.0	0.0
43	0.0	0.0	0.0	0.0	0.0
44	0.0	0.0	0.0	0.0	0.0
45	0.0	0.0	0.0	0.0	0.0
46	0.0	0.0	0.0	0.0	0.0
47	0.0	0.0	0.0	0.0	0.0
48	0.0	0.0	0.0	0.0	0.0
49	0.0	0.0	0.0	0.0	0.0
50	0.0	0.0	0.0	0.0	0.0
51	0.0	0.0	0.0	0.0	0.0
52	0.0	0.0	0.0	0.0	0.0
53	0.0	0.0	0.0	0.0	0.0
54	0.0	0.0	0.0	0.0	0.0
55	0.0	0.0	0.0	0.0	0.0
56	0.0	0.0	0.0	0.0	0.0
57	0.0	0.0	0.0	0.0	0.0
58	0.0	0.0	0.0	0.0	0.0
59	0.0	0.0	0.0	0.0	0.0
60	0.0	0.0	0.0	0.0	0.0
61	0.0	0.0	0.0	0.0	0.0
62	0.0	0.0	0.0	0.0	0.0
63	0.1	0.0	0.0	0.0	0.0
64	0.1	0.0	0.0	0.0	0.0
>>END_MODULE
>>Kmer Content	pass
>>END_MODULE
