##FastQC	0.11.5
>>Basic Statistics	pass
#Measure	Value
Filename	fd_005_02_01_rnaseq_read2.fastq.gz
File type	Conventional base calls
Encoding	Sanger / Illumina 1.9
Total Sequences	1000
Sequences flagged as poor quality	0
Sequence length	50
%GC	50
>>END_MODULE
>>Per base sequence quality	pass
#Base	Mean	Median	Lower Quartile	Upper Quartile	10th Percentile	90th Percentile
1	29.245	31.0	31.0	34.0	20.0	34.0
2	29.605	31.0	31.0	34.0	19.0	34.0
3	30.288	33.0	31.0	34.0	26.0	34.0
4	33.422	37.0	35.0	37.0	28.0	37.0
5	31.402	37.0	35.0	37.0	2.0	37.0
6	32.915	37.0	35.0	37.0	17.0	37.0
7	33.144	37.0	35.0	37.0	27.0	37.0
8	33.177	37.0	35.0	37.0	28.0	37.0
9	35.5	39.0	35.0	39.0	30.0	39.0
10	35.167	39.0	35.0	39.0	30.0	39.0
11	35.683	39.0	35.0	39.0	30.0	39.0
12	33.19	39.0	35.0	39.0	2.0	39.0
13	34.595	39.0	35.0	39.0	18.0	39.0
14	36.537	40.0	36.0	41.0	27.0	41.0
15	35.841	40.0	36.0	41.0	28.0	41.0
16	35.689	40.0	36.0	41.0	28.0	41.0
17	36.12	40.0	36.0	41.0	28.0	41.0
18	36.58	40.0	36.0	41.0	29.0	41.0
19	36.361	40.0	36.0	41.0	29.0	41.0
20	36.747	40.0	36.0	41.0	30.0	41.0
21	36.85	40.0	36.0	41.0	30.0	41.0
22	36.719	40.0	36.0	41.0	30.0	41.0
23	36.866	40.0	36.0	41.0	30.0	41.0
24	36.744	40.0	36.0	41.0	30.0	41.0
25	36.002	40.0	36.0	41.0	30.0	41.0
26	36.301	40.0	36.0	41.0	30.0	41.0
27	36.378	40.0	36.0	41.0	30.0	41.0
28	36.294	40.0	35.0	41.0	30.0	41.0
29	36.166	40.0	34.0	41.0	30.0	41.0
30	36.206	39.0	35.0	41.0	30.0	41.0
31	36.041	39.0	35.0	41.0	30.0	41.0
32	35.931	39.0	35.0	41.0	30.0	41.0
33	36.091	40.0	35.0	41.0	30.0	41.0
34	36.165	40.0	35.0	41.0	30.0	41.0
35	35.886	39.0	34.0	41.0	30.0	41.0
36	35.977	40.0	35.0	41.0	30.0	41.0
37	35.8	39.0	34.0	41.0	29.0	41.0
38	35.572	39.0	33.0	41.0	28.0	41.0
39	35.303	39.0	33.0	41.0	28.0	41.0
40	35.351	39.0	33.0	41.0	29.0	41.0
41	35.399	39.0	33.0	41.0	29.0	41.0
42	35.223	39.0	34.0	41.0	28.0	41.0
43	35.14	39.0	33.0	41.0	27.0	41.0
44	35.167	39.0	34.0	41.0	28.0	41.0
45	34.797	39.0	33.0	41.0	27.0	41.0
46	33.667	39.0	33.0	41.0	2.0	41.0
47	33.616	38.0	32.0	40.0	15.0	41.0
48	33.69	38.0	33.0	40.0	20.0	41.0
49	33.542	38.0	32.0	40.0	2.0	41.0
50	32.485	37.0	30.0	40.0	2.0	41.0
>>END_MODULE
>>Per tile sequence quality	pass
#Tile	Base	Mean
1101	1	0.0
1101	2	0.0
1101	3	0.0
1101	4	0.0
1101	5	0.0
1101	6	0.0
1101	7	0.0
1101	8	0.0
1101	9	0.0
1101	10	0.0
1101	11	0.0
1101	12	0.0
1101	13	0.0
1101	14	0.0
1101	15	0.0
1101	16	0.0
1101	17	0.0
1101	18	0.0
1101	19	0.0
1101	20	0.0
1101	21	0.0
1101	22	0.0
1101	23	0.0
1101	24	0.0
1101	25	0.0
1101	26	0.0
1101	27	0.0
1101	28	0.0
1101	29	0.0
1101	30	0.0
1101	31	0.0
1101	32	0.0
1101	33	0.0
1101	34	0.0
1101	35	0.0
1101	36	0.0
1101	37	0.0
1101	38	0.0
1101	39	0.0
1101	40	0.0
1101	41	0.0
1101	42	0.0
1101	43	0.0
1101	44	0.0
1101	45	0.0
1101	46	0.0
1101	47	0.0
1101	48	0.0
1101	49	0.0
1101	50	0.0
>>END_MODULE
>>Per sequence quality scores	pass
#Quality	Count
2	20.0
3	0.0
4	1.0
5	0.0
6	1.0
7	1.0
8	1.0
9	0.0
10	1.0
11	1.0
12	1.0
13	2.0
14	2.0
15	2.0
16	5.0
17	12.0
18	6.0
19	7.0
20	9.0
21	5.0
22	7.0
23	3.0
24	3.0
25	6.0
26	7.0
27	36.0
28	18.0
29	12.0
30	11.0
31	11.0
32	19.0
33	26.0
34	34.0
35	49.0
36	67.0
37	102.0
38	170.0
39	342.0
>>END_MODULE
>>Per base sequence content	warn
#Base	G	A	T	C
1	33.36968375136314	12.540894220283533	10.359869138495092	43.72955288985823
2	23.036093418259025	25.05307855626327	33.22717622080679	18.683651804670912
3	22.750775594622542	23.4746639089969	28.43846949327818	25.33609100310238
4	27.167019027484145	33.72093023255814	18.921775898520085	20.190274841437635
5	27.954545454545453	33.18181818181819	18.409090909090907	20.454545454545457
6	22.773279352226723	33.198380566801625	19.63562753036437	24.392712550607285
7	22.384937238493723	16.84100418410042	35.146443514644346	25.627615062761507
8	20.8067940552017	23.248407643312103	24.203821656050955	31.740976645435243
9	21.9	22.900000000000002	26.1	29.099999999999998
10	24.324324324324326	33.16008316008316	19.230769230769234	23.284823284823286
11	27.500000000000004	23.200000000000003	18.7	30.599999999999998
12	24.831460674157306	23.146067415730336	24.15730337078652	27.86516853932584
13	26.3	22.1	26.900000000000002	24.7
14	23.3	26.1	25.1	25.5
15	24.920802534318902	26.821541710665258	24.076029567053855	24.181626187961985
16	26.455026455026452	24.021164021164022	24.656084656084655	24.867724867724867
17	23.80467955239064	25.025432349949135	25.534079348931844	25.635808748728383
18	25.900000000000002	26.700000000000003	23.3	24.099999999999998
19	27.1	25.2	24.5	23.200000000000003
20	24.8	25.900000000000002	23.799999999999997	25.5
21	26.3	24.2	24.6	24.9
22	23.9	26.5	23.3	26.3
23	25.2	24.0	24.4	26.400000000000002
24	25.1	24.2	25.7	25.0
25	24.922440537745604	23.784901758014477	24.50879007238883	26.783867631851088
26	23.5	24.4	25.900000000000002	26.200000000000003
27	22.7	27.0	26.6	23.7
28	26.3	23.7	22.900000000000002	27.1
29	25.1	24.6	24.8	25.5
30	26.200000000000003	24.8	24.5	24.5
31	24.8	26.3	23.5	25.4
32	24.3	28.000000000000004	25.0	22.7
33	24.2	24.9	24.8	26.1
34	22.400000000000002	26.0	25.1	26.5
35	27.500000000000004	24.099999999999998	23.9	24.5
36	22.400000000000002	25.5	25.5	26.6
37	25.4	27.900000000000002	24.099999999999998	22.6
38	26.8	23.9	25.2	24.099999999999998
39	23.200000000000003	27.0	23.1	26.700000000000003
40	25.8	27.1	21.9	25.2
41	22.2	26.200000000000003	25.0	26.6
42	26.3	25.6	23.0	25.1
43	25.6	25.900000000000002	24.9	23.599999999999998
44	25.2	25.8	23.200000000000003	25.8
45	23.599999999999998	28.7	22.5	25.2
46	23.69819341126461	29.22422954303932	23.59192348565356	23.485653560042508
47	23.200000000000003	26.5	24.9	25.4
48	25.8	23.799999999999997	26.0	24.4
49	26.8	25.8	22.2	25.2
50	25.101626016260166	26.52439024390244	23.983739837398375	24.390243902439025
>>END_MODULE
>>Per sequence GC content	pass
#GC Content	Count
0	0.0
1	0.0
2	0.0
3	0.0
4	0.0
5	0.0
6	0.0
7	0.0
8	0.0
9	0.0
10	0.0
11	0.0
12	0.0
13	0.0
14	0.0
15	1.5
16	3.0
17	3.5
18	4.0
19	3.0
20	2.0
21	6.0
22	10.0
23	7.5
24	5.0
25	5.5
26	6.0
27	10.5
28	15.0
29	18.0
30	21.0
31	26.0
32	31.0
33	30.5
34	30.0
35	40.5
36	51.0
37	48.5
38	46.0
39	46.0
40	46.0
41	49.5
42	53.0
43	54.5
44	56.0
45	58.0
46	60.0
47	52.5
48	45.0
49	54.5
50	64.0
51	57.5
52	51.0
53	56.0
54	61.0
55	56.0
56	51.0
57	53.0
58	55.0
59	50.0
60	45.0
61	42.5
62	40.0
63	32.5
64	25.0
65	28.0
66	31.0
67	29.5
68	28.0
69	26.5
70	25.0
71	16.0
72	7.0
73	7.5
74	8.0
75	9.0
76	10.0
77	8.0
78	6.0
79	3.5
80	1.0
81	1.5
82	2.0
83	2.5
84	3.0
85	1.5
86	0.0
87	0.5
88	1.0
89	1.0
90	1.0
91	0.5
92	0.0
93	0.0
94	0.0
95	0.5
96	1.0
97	0.5
98	0.0
99	0.0
100	0.0
>>END_MODULE
>>Per base N content	warn
#Base	N-Count
1	8.3
2	5.800000000000001
3	3.3000000000000003
4	5.4
5	12.0
6	1.2
7	4.3999999999999995
8	5.800000000000001
9	0.0
10	3.8
11	0.0
12	11.0
13	0.0
14	0.0
15	5.3
16	5.5
17	1.7000000000000002
18	0.0
19	0.0
20	0.0
21	0.0
22	0.0
23	0.0
24	0.0
25	3.3000000000000003
26	0.0
27	0.0
28	0.0
29	0.0
30	0.0
31	0.0
32	0.0
33	0.0
34	0.0
35	0.0
36	0.0
37	0.0
38	0.0
39	0.0
40	0.0
41	0.0
42	0.0
43	0.0
44	0.0
45	0.0
46	5.8999999999999995
47	0.0
48	0.0
49	0.0
50	1.6
>>END_MODULE
>>Sequence Length Distribution	pass
#Length	Count
50	1000.0
>>END_MODULE
>>Sequence Duplication Levels	pass
#Total Deduplicated Percentage	100.0
#Duplication Level	Percentage of deduplicated	Percentage of total
1	100.0	100.0
2	0.0	0.0
3	0.0	0.0
4	0.0	0.0
5	0.0	0.0
6	0.0	0.0
7	0.0	0.0
8	0.0	0.0
9	0.0	0.0
>10	0.0	0.0
>50	0.0	0.0
>100	0.0	0.0
>500	0.0	0.0
>1k	0.0	0.0
>5k	0.0	0.0
>10k+	0.0	0.0
>>END_MODULE
>>Overrepresented sequences	pass
>>END_MODULE
>>Adapter Content	pass
#Position	Illumina Universal Adapter	Illumina Small RNA 3' Adapter	Illumina Small RNA 5' Adapter	Nextera Transposase Sequence	SOLID Small RNA Adapter
1	0.0	0.0	0.0	0.0	0.0
2	0.0	0.0	0.0	0.0	0.0
3	0.0	0.0	0.0	0.0	0.0
4	0.0	0.0	0.0	0.0	0.0
5	0.0	0.0	0.0	0.0	0.0
6	0.0	0.0	0.0	0.0	0.0
7	0.0	0.0	0.0	0.0	0.0
8	0.0	0.0	0.0	0.0	0.0
9	0.0	0.0	0.0	0.0	0.0
10	0.0	0.0	0.0	0.0	0.0
11	0.0	0.0	0.0	0.0	0.0
12	0.0	0.0	0.0	0.0	0.0
13	0.0	0.0	0.0	0.0	0.0
14	0.0	0.0	0.0	0.0	0.0
15	0.0	0.0	0.0	0.0	0.0
16	0.0	0.0	0.0	0.0	0.0
17	0.0	0.0	0.0	0.0	0.0
18	0.0	0.0	0.0	0.0	0.0
19	0.0	0.0	0.0	0.0	0.0
20	0.0	0.0	0.0	0.0	0.0
21	0.0	0.0	0.0	0.0	0.0
22	0.0	0.0	0.0	0.0	0.0
23	0.0	0.0	0.0	0.0	0.0
24	0.0	0.0	0.0	0.0	0.0
25	0.0	0.0	0.0	0.0	0.0
26	0.0	0.0	0.0	0.0	0.0
27	0.0	0.0	0.0	0.0	0.0
28	0.0	0.0	0.0	0.0	0.0
29	0.0	0.0	0.0	0.0	0.0
30	0.0	0.0	0.0	0.0	0.0
31	0.0	0.0	0.0	0.0	0.0
32	0.0	0.0	0.0	0.0	0.0
33	0.0	0.0	0.0	0.0	0.0
34	0.0	0.0	0.0	0.0	0.0
35	0.0	0.0	0.0	0.0	0.0
36	0.0	0.0	0.0	0.0	0.0
37	0.0	0.0	0.0	0.0	0.0
38	0.0	0.0	0.0	0.0	0.0
>>END_MODULE
>>Kmer Content	pass
>>END_MODULE
