##FastQC	0.11.5
>>Basic Statistics	pass
#Measure	Value
Filename	0f24b004c_0e31e17c7_read2.fastq.gz
File type	Conventional base calls
Encoding	Sanger / Illumina 1.9
Total Sequences	1000
Sequences flagged as poor quality	0
Sequence length	76
%GC	41
>>END_MODULE
>>Per base sequence quality	pass
#Base	Mean	Median	Lower Quartile	Upper Quartile	10th Percentile	90th Percentile
1	32.645	33.0	33.0	34.0	31.0	34.0
2	32.712	33.0	33.0	34.0	32.0	34.0
3	32.912	33.0	33.0	34.0	32.0	34.0
4	32.873	33.0	33.0	34.0	32.0	34.0
5	32.835	34.0	33.0	34.0	32.0	34.0
6	36.941	38.0	38.0	38.0	36.0	38.0
7	37.094	38.0	38.0	38.0	36.0	38.0
8	36.947	38.0	38.0	38.0	36.0	38.0
9	36.866	38.0	38.0	38.0	36.0	38.0
10-11	37.0235	38.0	38.0	38.0	36.0	38.0
12-13	36.799	38.0	38.0	38.0	35.5	38.0
14-15	36.8635	38.0	38.0	38.0	36.0	38.0
16-17	36.870000000000005	38.0	38.0	38.0	35.5	38.0
18-19	36.834999999999994	38.0	38.0	38.0	35.5	38.0
20-21	36.9165	38.0	38.0	38.0	36.0	38.0
22-23	36.8795	38.0	38.0	38.0	36.0	38.0
24-25	36.7585	38.0	38.0	38.0	35.0	38.0
26-27	36.881	38.0	38.0	38.0	35.0	38.0
28-29	36.7615	38.0	38.0	38.0	35.5	38.0
30-31	36.6235	38.0	38.0	38.0	34.5	38.0
32-33	36.679	38.0	38.0	38.0	35.0	38.0
34-35	36.5225	38.0	38.0	38.0	34.0	38.0
36-37	36.655	38.0	38.0	38.0	34.5	38.0
38-39	36.644000000000005	38.0	38.0	38.0	34.5	38.0
40-41	36.5315	38.0	38.0	38.0	34.5	38.0
42-43	36.56	38.0	38.0	38.0	34.5	38.0
44-45	36.378	38.0	38.0	38.0	34.0	38.0
46-47	36.632999999999996	38.0	38.0	38.0	34.5	38.0
48-49	36.6215	38.0	38.0	38.0	35.0	38.0
50-51	36.537	38.0	38.0	38.0	34.0	38.0
52-53	36.618	38.0	38.0	38.0	34.5	38.0
54-55	36.675	38.0	38.0	38.0	35.0	38.0
56-57	36.586	38.0	38.0	38.0	34.0	38.0
58-59	36.619	38.0	38.0	38.0	35.0	38.0
60-61	36.510000000000005	38.0	38.0	38.0	34.0	38.0
62-63	36.34	38.0	38.0	38.0	34.0	38.0
64-65	36.3895	38.0	38.0	38.0	34.0	38.0
66-67	36.386	38.0	38.0	38.0	34.5	38.0
68-69	36.2965	38.0	38.0	38.0	33.5	38.0
70-71	36.5095	38.0	38.0	38.0	34.0	38.0
72-73	36.5225	38.0	38.0	38.0	34.0	38.0
74-75	36.5435	38.0	38.0	38.0	34.5	38.0
76	35.526	38.0	36.0	38.0	29.0	38.0
>>END_MODULE
>>Per tile sequence quality	pass
#Tile	Base	Mean
1101	1	0.0
1101	2	0.0
1101	3	0.0
1101	4	0.0
1101	5	0.0
1101	6	0.0
1101	7	0.0
1101	8	0.0
1101	9	0.0
1101	10-11	0.0
1101	12-13	0.0
1101	14-15	0.0
1101	16-17	0.0
1101	18-19	0.0
1101	20-21	0.0
1101	22-23	0.0
1101	24-25	0.0
1101	26-27	0.0
1101	28-29	0.0
1101	30-31	0.0
1101	32-33	0.0
1101	34-35	0.0
1101	36-37	0.0
1101	38-39	0.0
1101	40-41	0.0
1101	42-43	0.0
1101	44-45	0.0
1101	46-47	0.0
1101	48-49	0.0
1101	50-51	0.0
1101	52-53	0.0
1101	54-55	0.0
1101	56-57	0.0
1101	58-59	0.0
1101	60-61	0.0
1101	62-63	0.0
1101	64-65	0.0
1101	66-67	0.0
1101	68-69	0.0
1101	70-71	0.0
1101	72-73	0.0
1101	74-75	0.0
1101	76	0.0
>>END_MODULE
>>Per sequence quality scores	pass
#Quality	Count
19	3.0
20	1.0
21	1.0
22	2.0
23	2.0
24	3.0
25	6.0
26	7.0
27	10.0
28	5.0
29	7.0
30	10.0
31	15.0
32	15.0
33	24.0
34	34.0
35	60.0
36	87.0
37	708.0
>>END_MODULE
>>Per base sequence content	warn
#Base	G	A	T	C
1	21.5	28.7	15.6	34.2
2	17.5	34.0	34.0	14.499999999999998
3	14.299999999999999	27.700000000000003	37.5	20.5
4	16.5	26.200000000000003	31.0	26.3
5	17.8	31.6	28.9	21.7
6	17.599999999999998	29.5	30.5	22.400000000000002
7	19.900000000000002	28.199999999999996	32.1	19.8
8	17.5	25.6	36.4	20.5
9	18.0	26.6	35.3	20.1
10-11	19.8	28.849999999999998	30.95	20.4
12-13	19.8	29.75	29.299999999999997	21.15
14-15	18.55	32.05	29.45	19.950000000000003
16-17	21.3	29.2	28.9	20.599999999999998
18-19	21.05	28.1	30.049999999999997	20.8
20-21	21.0	28.549999999999997	30.099999999999998	20.349999999999998
22-23	21.05	29.45	29.7	19.8
24-25	20.05	29.45	30.3	20.200000000000003
26-27	22.45	28.599999999999998	29.4	19.55
28-29	21.95	30.5	26.85	20.7
30-31	21.05	28.599999999999998	29.849999999999998	20.5
32-33	21.95	28.249999999999996	28.9	20.9
34-35	19.83927674535409	28.82973380210949	30.487192365645406	20.84379708689101
36-37	20.849999999999998	30.45	28.249999999999996	20.45
38-39	23.9	29.15	27.55	19.400000000000002
40-41	20.260130065032516	29.914957478739368	29.214607303651825	20.610305152576288
42-43	20.9	28.050000000000004	30.95	20.1
44-45	19.789050728277246	28.02611752887996	31.19035660472125	20.994475138121548
46-47	21.8	27.150000000000002	28.599999999999998	22.45
48-49	19.25	30.8	29.049999999999997	20.9
50-51	22.0	29.099999999999998	27.800000000000004	21.099999999999998
52-53	20.01000500250125	31.065532766383193	27.813906953476735	21.11055527763882
54-55	20.05	30.75	28.599999999999998	20.599999999999998
56-57	20.3	29.299999999999997	28.299999999999997	22.1
58-59	21.2	29.799999999999997	28.449999999999996	20.549999999999997
60-61	21.8	28.599999999999998	28.749999999999996	20.849999999999998
62-63	19.650000000000002	28.299999999999997	30.15	21.9
64-65	19.85	28.849999999999998	28.999999999999996	22.3
66-67	20.3	31.3	27.950000000000003	20.45
68-69	19.75	29.65	30.049999999999997	20.549999999999997
70-71	19.650000000000002	30.7	30.599999999999998	19.05
72-73	20.45	29.4	29.2	20.95
74-75	20.0	30.4	28.95	20.65
76	19.8	28.499999999999996	29.099999999999998	22.6
>>END_MODULE
>>Per sequence GC content	warn
#GC Content	Count
0	0.0
1	0.0
2	0.0
3	0.0
4	0.0
5	0.0
6	0.0
7	0.0
8	0.0
9	0.0
10	0.0
11	0.0
12	0.0
13	0.5
14	1.5
15	1.5
16	1.5
17	2.0
18	3.5
19	7.5
20	6.0
21	2.0
22	6.0
23	10.5
24	10.5
25	10.0
26	15.5
27	18.5
28	22.0
29	28.0
30	31.5
31	33.0
32	41.0
33	51.0
34	49.5
35	50.5
36	49.0
37	45.0
38	48.5
39	49.5
40	45.0
41	49.5
42	56.0
43	52.5
44	50.0
45	45.5
46	40.0
47	38.0
48	33.0
49	29.5
50	29.0
51	27.5
52	25.5
53	19.0
54	13.0
55	18.5
56	21.0
57	20.5
58	23.0
59	20.0
60	13.0
61	9.0
62	9.0
63	9.0
64	5.5
65	3.0
66	3.0
67	2.0
68	1.5
69	1.0
70	0.5
71	0.0
72	0.5
73	0.5
74	0.0
75	0.0
76	0.5
77	0.5
78	0.0
79	0.0
80	0.0
81	0.0
82	0.0
83	0.0
84	0.0
85	0.0
86	0.0
87	0.0
88	0.0
89	0.0
90	0.0
91	0.0
92	0.0
93	0.0
94	0.0
95	0.0
96	0.0
97	0.0
98	0.0
99	0.0
100	0.0
>>END_MODULE
>>Per base N content	pass
#Base	N-Count
1	0.0
2	0.0
3	0.0
4	0.0
5	0.0
6	0.0
7	0.0
8	0.0
9	0.0
10-11	0.0
12-13	0.0
14-15	0.0
16-17	0.0
18-19	0.0
20-21	0.0
22-23	0.0
24-25	0.0
26-27	0.0
28-29	0.0
30-31	0.0
32-33	0.0
34-35	0.44999999999999996
36-37	0.0
38-39	0.0
40-41	0.05
42-43	0.0
44-45	0.44999999999999996
46-47	0.0
48-49	0.0
50-51	0.0
52-53	0.05
54-55	0.0
56-57	0.0
58-59	0.0
60-61	0.0
62-63	0.0
64-65	0.0
66-67	0.0
68-69	0.0
70-71	0.0
72-73	0.0
74-75	0.0
76	0.0
>>END_MODULE
>>Sequence Length Distribution	pass
#Length	Count
76	1000.0
>>END_MODULE
>>Sequence Duplication Levels	pass
#Total Deduplicated Percentage	100.0
#Duplication Level	Percentage of deduplicated	Percentage of total
1	100.0	100.0
2	0.0	0.0
3	0.0	0.0
4	0.0	0.0
5	0.0	0.0
6	0.0	0.0
7	0.0	0.0
8	0.0	0.0
9	0.0	0.0
>10	0.0	0.0
>50	0.0	0.0
>100	0.0	0.0
>500	0.0	0.0
>1k	0.0	0.0
>5k	0.0	0.0
>10k+	0.0	0.0
>>END_MODULE
>>Overrepresented sequences	pass
>>END_MODULE
>>Adapter Content	pass
#Position	Illumina Universal Adapter	Illumina Small RNA 3' Adapter	Illumina Small RNA 5' Adapter	Nextera Transposase Sequence	SOLID Small RNA Adapter
1	0.0	0.0	0.0	0.0	0.0
2	0.0	0.0	0.0	0.0	0.0
3	0.0	0.0	0.0	0.0	0.0
4	0.0	0.0	0.0	0.0	0.0
5	0.0	0.0	0.0	0.0	0.0
6	0.0	0.0	0.0	0.0	0.0
7	0.0	0.0	0.0	0.0	0.0
8	0.0	0.0	0.0	0.0	0.0
9	0.0	0.0	0.0	0.0	0.0
10	0.0	0.0	0.0	0.0	0.0
11	0.0	0.0	0.0	0.0	0.0
12	0.0	0.0	0.0	0.0	0.0
13	0.0	0.0	0.0	0.0	0.0
14	0.0	0.0	0.0	0.0	0.0
15	0.0	0.0	0.0	0.0	0.0
16	0.0	0.0	0.0	0.0	0.0
17	0.0	0.0	0.0	0.0	0.0
18	0.0	0.0	0.0	0.0	0.0
19	0.0	0.0	0.0	0.0	0.0
20	0.0	0.0	0.0	0.0	0.0
21	0.0	0.0	0.0	0.0	0.0
22	0.0	0.0	0.0	0.0	0.0
23	0.0	0.0	0.0	0.0	0.0
24	0.0	0.0	0.0	0.0	0.0
25	0.0	0.0	0.0	0.0	0.0
26	0.0	0.0	0.0	0.0	0.0
27	0.0	0.0	0.0	0.0	0.0
28	0.0	0.0	0.0	0.0	0.0
29	0.0	0.0	0.0	0.0	0.0
30	0.0	0.0	0.0	0.0	0.0
31	0.0	0.0	0.0	0.0	0.0
32	0.0	0.0	0.0	0.0	0.0
33	0.0	0.0	0.0	0.0	0.0
34	0.0	0.0	0.0	0.0	0.0
35	0.0	0.0	0.0	0.0	0.0
36	0.0	0.0	0.0	0.0	0.0
37	0.0	0.0	0.0	0.0	0.0
38	0.0	0.0	0.0	0.0	0.0
39	0.0	0.0	0.0	0.0	0.0
40	0.0	0.0	0.0	0.0	0.0
41	0.0	0.0	0.0	0.0	0.0
42	0.0	0.0	0.0	0.0	0.0
43	0.0	0.0	0.0	0.0	0.0
44	0.0	0.0	0.0	0.0	0.0
45	0.0	0.0	0.0	0.0	0.0
46	0.0	0.0	0.0	0.0	0.0
47	0.0	0.0	0.0	0.0	0.0
48	0.0	0.0	0.0	0.0	0.0
49	0.0	0.0	0.0	0.0	0.0
50	0.0	0.0	0.0	0.0	0.0
51	0.0	0.0	0.0	0.0	0.0
52	0.0	0.0	0.0	0.0	0.0
53	0.0	0.0	0.0	0.0	0.0
54	0.0	0.0	0.0	0.0	0.0
55	0.0	0.0	0.0	0.0	0.0
56	0.0	0.0	0.0	0.0	0.0
57	0.0	0.0	0.0	0.0	0.0
58	0.0	0.0	0.0	0.0	0.0
59	0.0	0.0	0.0	0.0	0.0
60	0.0	0.0	0.0	0.0	0.0
61	0.0	0.0	0.0	0.0	0.0
62	0.0	0.0	0.0	0.0	0.0
63	0.1	0.0	0.0	0.0	0.0
64	0.1	0.0	0.0	0.0	0.0
>>END_MODULE
>>Kmer Content	pass
>>END_MODULE
